3.3333333333333314e+01
-1.3580246913580227e+00
2.4691358024691584e-01
-3.3333333333333317e+00
-1.3580246913580194e+00
2.4691358024691226e-01
-3.3333333333333286e+00
2.4691358024691168e-01
-3.3333333333333286e+00
-3.3333333333333326e+00
-1.2200846792814639e+01
4.9707153600355852e-01
-9.0376642909740956e-02
1.2200846792814641e+00
4.9707153600355758e-01
-9.0376642909737487e-02
1.2200846792814650e+00
-9.0376642909736613e-02
1.2200846792814617e+00
1.2200846792814657e+00
-1.3580246913580230e+00
7.1787837219935886e+00
2.0804755372656603e+00
2.4691358024691828e-01
-1.7604023776863269e+00
-9.0534979423868189e-01
1.6780978509373530e+00
1.6780978509373550e+00
9.9679926840420574e-01
-3.3333333333333313e+00
4.9707153600355902e-01
-2.6276172105238640e+00
-7.6150689859131215e-01
-9.0376642909740096e-02
6.4435199111572516e-01
3.3138102400237290e-01
-6.1422644347914512e-01
-6.1422644347914634e-01
-3.6485385470968262e-01
1.2200846792814648e+00
2.4691358024691601e-01
2.0804755372656607e+00
7.1787837219935922e+00
-1.3580246913580258e+00
1.6780978509373561e+00
-9.0534979423868256e-01
-1.7604023776863256e+00
9.9679926840420641e-01
1.6780978509373563e+00
-3.3333333333333317e+00
-9.0376642909740040e-02
-7.6150689859131138e-01
-2.6276172105238653e+00
4.9707153600356080e-01
-6.1422644347914579e-01
3.3138102400237301e-01
6.4435199111572550e-01
-3.6485385470968451e-01
-6.1422644347914446e-01
1.2200846792814641e+00
-3.3333333333333295e+00
2.4691358024691823e-01
-1.3580246913580263e+00
3.3333333333333307e+01
-3.3333333333333361e+00
2.4691358024691371e-01
-1.3580246913580225e+00
-3.3333333333333290e+00
2.4691358024691012e-01
-3.3333333333333295e+00
1.2200846792814646e+00
-9.0376642909740457e-02
4.9707153600356013e-01
-1.2200846792814648e+01
1.2200846792814664e+00
-9.0376642909738014e-02
4.9707153600355886e-01
1.2200846792814637e+00
-9.0376642909737750e-02
1.2200846792814659e+00
-1.3580246913580196e+00
-1.7604023776863278e+00
1.6780978509373556e+00
-3.3333333333333366e+00
7.1787837219935939e+00
-9.0534979423868256e-01
9.9679926840420485e-01
2.0804755372656603e+00
1.6780978509373563e+00
2.4691358024691287e-01
4.9707153600355752e-01
6.4435199111572528e-01
-6.1422644347914546e-01
1.2200846792814661e+00
-2.6276172105238653e+00
3.3138102400237307e-01
-3.6485385470968301e-01
-7.6150689859131260e-01
-6.1422644347914546e-01
-9.0376642909738764e-02
2.4691358024691221e-01
-9.0534979423868156e-01
-9.0534979423868234e-01
2.4691358024691346e-01
-9.0534979423868256e-01
1.5912208504801069e+00
-9.0534979423868100e-01
-9.0534979423868156e-01
-9.0534979423868223e-01
2.4691358024691354e-01
-9.0376642909737431e-02
3.3138102400237318e-01
3.3138102400237335e-01
-9.0376642909738361e-02
3.3138102400237346e-01
-5.8242725430720121e-01
3.3138102400237285e-01
3.3138102400237357e-01
3.3138102400237263e-01
-9.0376642909738056e-02
-3.3333333333333304e+00
1.6780978509373541e+00
-1.7604023776863256e+00
-1.3580246913580212e+00
9.9679926840420430e-01
-9.0534979423868134e-01
7.1787837219935824e+00
1.6780978509373532e+00
2.0804755372656580e+00
2.4691358024691279e-01
1.2200846792814637e+00
-6.1422644347914401e-01
6.4435199111572594e-01
4.9707153600355919e-01
-3.6485385470968301e-01
3.3138102400237257e-01
-2.6276172105238635e+00
-6.1422644347914646e-01
-7.6150689859130949e-01
-9.0376642909739041e-02
2.4691358024691049e-01
1.6780978509373545e+00
9.9679926840420685e-01
-3.3333333333333286e+00
2.0804755372656611e+00
-9.0534979423868200e-01
1.6780978509373543e+00
7.1787837219935886e+00
-1.7604023776863225e+00
-1.3580246913580247e+00
-9.0376642909736987e-02
-6.1422644347914568e-01
-3.6485385470968384e-01
1.2200846792814635e+00
-7.6150689859131171e-01
3.3138102400237290e-01
-6.1422644347914568e-01
-2.6276172105238658e+00
6.4435199111572394e-01
4.9707153600355991e-01
-3.3333333333333295e+00
9.9679926840420641e-01
1.6780978509373565e+00
2.4691358024691168e-01
1.6780978509373556e+00
-9.0534979423868245e-01
2.0804755372656571e+00
-1.7604023776863251e+00
7.1787837219935859e+00
-1.3580246913580247e+00
1.2200846792814621e+00
-3.6485385470968207e-01
-6.1422644347914424e-01
-9.0376642909736696e-02
-6.1422644347914590e-01
3.3138102400237263e-01
-7.6150689859131104e-01
6.4435199111572317e-01
-2.6276172105238604e+00
4.9707153600355808e-01
-3.3333333333333335e+00
-3.3333333333333308e+00
-3.3333333333333308e+00
-3.3333333333333308e+00
2.4691358024691301e-01
2.4691358024691351e-01
2.4691358024691393e-01
-1.3580246913580234e+00
-1.3580246913580243e+00
3.3333333333333293e+01
1.2200846792814650e+00
1.2200846792814644e+00
1.2200846792814648e+00
1.2200846792814661e+00
-9.0376642909738111e-02
-9.0376642909738000e-02
-9.0376642909738611e-02
4.9707153600355980e-01
4.9707153600355902e-01
-1.2200846792814641e+01
4.5534180126147966e+01
-1.8550962273615828e+00
3.3729022315665536e-01
-4.5534180126147970e+00
-1.8550962273615772e+00
3.3729022315664986e-01
-4.5534180126147943e+00
3.3729022315664969e-01
-4.5534180126147934e+00
-4.5534180126147987e+00
3.3333333333333343e+01
-1.3580246913580252e+00
2.4691358024691704e-01
-3.3333333333333348e+00
-1.3580246913580207e+00
2.4691358024691284e-01
-3.3333333333333348e+00
2.4691358024691024e-01
-3.3333333333333313e+00
-3.3333333333333361e+00
-1.8550962273615821e+00
9.8064009325174553e+00
2.8419824358569725e+00
3.3729022315665808e-01
-2.4047543688020534e+00
-1.2367308182410546e+00
2.2923242944164981e+00
2.2923242944165012e+00
1.3616531231138882e+00
-4.5534180126147961e+00
-1.3580246913580241e+00
7.1787837219935957e+00
2.0804755372656629e+00
2.4691358024691876e-01
-1.7604023776863291e+00
-9.0534979423868300e-01
1.6780978509373554e+00
1.6780978509373574e+00
9.9679926840420663e-01
-3.3333333333333357e+00
3.3729022315665624e-01
2.8419824358569703e+00
9.8064009325174570e+00
-1.8550962273615870e+00
2.2923242944165021e+00
-1.2367308182410548e+00
-2.4047543688020530e+00
1.3616531231138893e+00
2.2923242944165017e+00
-4.5534180126147943e+00
2.4691358024691720e-01
2.0804755372656620e+00
7.1787837219936002e+00
-1.3580246913580276e+00
1.6780978509373576e+00
-9.0534979423868334e-01
-1.7604023776863291e+00
9.9679926840420729e-01
1.6780978509373579e+00
-3.3333333333333348e+00
-4.5534180126147943e+00
3.3729022315665830e-01
-1.8550962273615867e+00
4.5534180126147966e+01
-4.5534180126148032e+00
3.3729022315665158e-01
-1.8550962273615816e+00
-4.5534180126147934e+00
3.3729022315664803e-01
-4.5534180126147961e+00
-3.3333333333333330e+00
2.4691358024691834e-01
-1.3580246913580278e+00
3.3333333333333343e+01
-3.3333333333333397e+00
2.4691358024691384e-01
-1.3580246913580236e+00
-3.3333333333333321e+00
2.4691358024691076e-01
-3.3333333333333348e+00
-1.8550962273615785e+00
-2.4047543688020530e+00
2.2923242944165021e+00
-4.5534180126148014e+00
9.8064009325174606e+00
-1.2367308182410552e+00
1.3616531231138871e+00
2.8419824358569716e+00
2.2923242944165034e+00
3.3729022315665097e-01
-1.3580246913580210e+00
-1.7604023776863280e+00
1.6780978509373581e+00
-3.3333333333333393e+00
7.1787837219936002e+00
-9.0534979423868356e-01
9.9679926840420541e-01
2.0804755372656620e+00
1.6780978509373581e+00
2.4691358024691282e-01
3.3729022315664936e-01
-1.2367308182410546e+00
-1.2367308182410557e+00
3.3729022315665175e-01
-1.2367308182410559e+00
2.1736481047873082e+00
-1.2367308182410537e+00
-1.2367308182410548e+00
-1.2367308182410552e+00
3.3729022315665158e-01
2.4691358024691223e-01
-9.0534979423868289e-01
-9.0534979423868378e-01
2.4691358024691390e-01
-9.0534979423868378e-01
1.5912208504801091e+00
-9.0534979423868234e-01
-9.0534979423868323e-01
-9.0534979423868311e-01
2.4691358024691407e-01
-4.5534180126147961e+00
2.2923242944164999e+00
-2.4047543688020503e+00
-1.8550962273615810e+00
1.3616531231138871e+00
-1.2367308182410539e+00
9.8064009325174482e+00
2.2923242944164994e+00
2.8419824358569694e+00
3.3729022315665075e-01
-3.3333333333333344e+00
1.6780978509373567e+00
-1.7604023776863276e+00
-1.3580246913580236e+00
9.9679926840420519e-01
-9.0534979423868245e-01
7.1787837219935913e+00
1.6780978509373570e+00
2.0804755372656589e+00
2.4691358024691290e-01
3.3729022315664808e-01
2.2923242944164999e+00
1.3616531231138893e+00
-4.5534180126147925e+00
2.8419824358569725e+00
-1.2367308182410546e+00
2.2923242944165003e+00
9.8064009325174570e+00
-2.4047543688020490e+00
-1.8550962273615834e+00
2.4691358024691068e-01
1.6780978509373567e+00
9.9679926840420752e-01
-3.3333333333333308e+00
2.0804755372656616e+00
-9.0534979423868311e-01
1.6780978509373559e+00
7.1787837219935948e+00
-1.7604023776863245e+00
-1.3580246913580254e+00
-4.5534180126147925e+00
1.3616531231138884e+00
2.2923242944165034e+00
3.3729022315664953e-01
2.2923242944165021e+00
-1.2367308182410550e+00
2.8419824358569663e+00
-2.4047543688020521e+00
9.8064009325174517e+00
-1.8550962273615847e+00
-3.3333333333333321e+00
9.9679926840420763e-01
1.6780978509373583e+00
2.4691358024691057e-01
1.6780978509373585e+00
-9.0534979423868367e-01
2.0804755372656598e+00
-1.7604023776863245e+00
7.1787837219935922e+00
-1.3580246913580269e+00
-4.5534180126148005e+00
-4.5534180126147943e+00
-4.5534180126147961e+00
-4.5534180126147952e+00
3.3729022315665097e-01
3.3729022315665114e-01
3.3729022315665363e-01
-1.8550962273615828e+00
-1.8550962273615836e+00
4.5534180126147938e+01
-3.3333333333333379e+00
-3.3333333333333344e+00
-3.3333333333333344e+00
-3.3333333333333366e+00
2.4691358024691298e-01
2.4691358024691376e-01
2.4691358024691470e-01
-1.3580246913580252e+00
-1.3580246913580256e+00
3.3333333333333329e+01
