2.9999999999999964e+00
-9.9999999999999878e-01
-9.9999999999999878e-01
-1.0980762113533167e+00
3.6602540378443882e-01
3.6602540378443882e-01
-9.9999999999999867e-01
2.9999999999999964e+00
-9.9999999999999900e-01
3.6602540378443860e-01
-1.0980762113533165e+00
3.6602540378443899e-01
-9.9999999999999889e-01
-9.9999999999999878e-01
2.9999999999999964e+00
3.6602540378443882e-01
3.6602540378443887e-01
-1.0980762113533167e+00
4.0980762113533133e+00
-1.3660254037844379e+00
-1.3660254037844379e+00
2.9999999999999991e+00
-9.9999999999999978e-01
-9.9999999999999989e-01
-1.3660254037844379e+00
4.0980762113533142e+00
-1.3660254037844382e+00
-9.9999999999999956e-01
2.9999999999999996e+00
-1.0000000000000000e+00
-1.3660254037844382e+00
-1.3660254037844379e+00
4.0980762113533142e+00
-1.0000000000000002e+00
-9.9999999999999978e-01
2.9999999999999996e+00
