2.7321768120982242e+01
-1.1131090715955720e+00
2.0238346756283443e-01
-2.7321768120982250e+00
-1.1131090715955692e+00
2.0238346756283027e-01
-2.7321768120982237e+00
2.0238346756282932e-01
-2.7321768120982219e+00
-2.7321768120982246e+00
-7.2163091646628601e+00
2.9399778078256122e-01
-5.3454141960467001e-02
7.2163091646628463e-01
2.9399778078256006e-01
-5.3454141960465690e-02
7.2163091646628719e-01
-5.3454141960464482e-02
7.2163091646628497e-01
7.2163091646628719e-01
5.0731179914431666e+00
-2.0668258483657265e-01
3.7578651788468011e-02
-5.0731179914431757e-01
-2.0668258483657298e-01
3.7578651788467504e-02
-5.0731179914431546e-01
3.7578651788468059e-02
-5.0731179914431679e-01
-5.0731179914431712e-01
-3.3437891551842505e+00
1.3622844706306253e-01
-2.4768808556920565e-02
3.3437891551842513e-01
1.3622844706306178e-01
-2.4768808556920430e-02
3.3437891551842552e-01
-2.4768808556920159e-02
3.3437891551842547e-01
3.3437891551842475e-01
-1.1131090715955712e+00
5.8841119272897240e+00
1.7052681063164505e+00
2.0238346756283626e-01
-1.4429191668831511e+00
-7.4207271439704758e-01
1.3754580110288690e+00
1.3754580110288714e+00
8.1702955423513257e-01
-2.7321768120982264e+00
2.9399778078256184e-01
-1.5541296829246485e+00
-4.5040064059281304e-01
-5.3454141960465815e-02
3.8110823434776253e-01
1.9599852052170796e-01
-3.6329018702761051e-01
-3.6329018702761101e-01
-2.1579635087743609e-01
7.2163091646628563e-01
-2.0668258483657281e-01
1.0925645057017508e+00
3.1663493636579376e-01
3.7578651788469385e-02
-2.6792186923259581e-01
-1.3778838989104836e-01
2.5539565196977065e-01
2.5539565196977093e-01
1.5170640907196217e-01
-5.0731179914431745e-01
1.3622844706306222e-01
-7.2013017471046215e-01
-2.0870014617405147e-01
-2.4768808556920874e-02
1.7659243137804331e-01
9.0818964708708122e-02
-1.6833616185907002e-01
-1.6833616185906999e-01
-9.9992597507567796e-02
3.3437891551842486e-01
2.0238346756283412e-01
1.7052681063164508e+00
5.8841119272897258e+00
-1.1131090715955754e+00
1.3754580110288728e+00
-7.4207271439704858e-01
-1.4429191668831487e+00
8.1702955423513512e-01
1.3754580110288721e+00
-2.7321768120982246e+00
-5.3454141960466724e-02
-4.5040064059281182e-01
-1.5541296829246491e+00
2.9399778078256150e-01
-3.6329018702760957e-01
1.9599852052170746e-01
3.8110823434776586e-01
-2.1579635087743562e-01
-3.6329018702760929e-01
7.2163091646628574e-01
3.7578651788468330e-02
3.1663493636579448e-01
1.0925645057017512e+00
-2.0668258483657440e-01
2.5539565196977271e-01
-1.3778838989104897e-01
-2.6792186923259392e-01
1.5170640907196320e-01
2.5539565196977254e-01
-5.0731179914431723e-01
-2.4768808556920433e-02
-2.0870014617405133e-01
-7.2013017471046192e-01
1.3622844706306203e-01
-1.6833616185906969e-01
9.0818964708708039e-02
1.7659243137804312e-01
-9.9992597507567421e-02
-1.6833616185906985e-01
3.3437891551842452e-01
-2.7321768120982237e+00
2.0238346756283504e-01
-1.1131090715955752e+00
2.7321768120982238e+01
-2.7321768120982282e+00
2.0238346756283179e-01
-1.1131090715955723e+00
-2.7321768120982215e+00
2.0238346756282832e-01
-2.7321768120982237e+00
7.2163091646628508e-01
-5.3454141960466911e-02
2.9399778078256117e-01
-7.2163091646628681e+00
7.2163091646628785e-01
-5.3454141960465718e-02
2.9399778078256100e-01
7.2163091646628719e-01
-5.3454141960465378e-02
7.2163091646628708e-01
-5.0731179914431712e-01
3.7578651788468517e-02
-2.0668258483657423e-01
5.0731179914431612e+00
-5.0731179914431734e-01
3.7578651788467955e-02
-2.0668258483657309e-01
-5.0731179914431546e-01
3.7578651788467136e-02
-5.0731179914431690e-01
3.3437891551842441e-01
-2.4768808556920978e-02
1.3622844706306195e-01
-3.3437891551842505e+00
3.3437891551842525e-01
-2.4768808556920298e-02
1.3622844706306195e-01
3.3437891551842430e-01
-2.4768808556919871e-02
3.3437891551842475e-01
-1.1131090715955703e+00
-1.4429191668831494e+00
1.3754580110288730e+00
-2.7321768120982286e+00
5.8841119272897275e+00
-7.4207271439704892e-01
8.1702955423513413e-01
1.7052681063164499e+00
1.3754580110288739e+00
2.0238346756283110e-01
2.9399778078255934e-01
3.8110823434776525e-01
-3.6329018702760879e-01
7.2163091646628796e-01
-1.5541296829246505e+00
1.9599852052170730e-01
-2.1579635087743462e-01
-4.5040064059281348e-01
-3.6329018702760879e-01
-5.3454141960465870e-02
-2.0668258483657351e-01
-2.6792186923259448e-01
2.5539565196977310e-01
-5.0731179914431690e-01
1.0925645057017510e+00
-1.3778838989104916e-01
1.5170640907196320e-01
3.1663493636579354e-01
2.5539565196977321e-01
3.7578651788467768e-02
1.3622844706306175e-01
1.7659243137804356e-01
-1.6833616185906969e-01
3.3437891551842536e-01
-7.2013017471046270e-01
9.0818964708708011e-02
-9.9992597507567282e-02
-2.0870014617405103e-01
-1.6833616185907033e-01
-2.4768808556920340e-02
2.0238346756283046e-01
-7.4207271439704825e-01
-7.4207271439704880e-01
2.0238346756283196e-01
-7.4207271439704892e-01
1.3042490131826905e+00
-7.4207271439704769e-01
-7.4207271439704858e-01
-7.4207271439704814e-01
2.0238346756283168e-01
-5.3454141960465301e-02
1.9599852052170735e-01
1.9599852052170749e-01
-5.3454141960465565e-02
1.9599852052170755e-01
-3.4448224818966727e-01
1.9599852052170733e-01
1.9599852052170769e-01
1.9599852052170733e-01
-5.3454141960465794e-02
3.7578651788467761e-02
-1.3778838989104858e-01
-1.3778838989104886e-01
3.7578651788468163e-02
-1.3778838989104913e-01
2.4217353374790393e-01
-1.3778838989104869e-01
-1.3778838989104877e-01
-1.3778838989104886e-01
3.7578651788467823e-02
-2.4768808556920437e-02
9.0818964708708219e-02
9.0818964708708261e-02
-2.4768808556920249e-02
9.0818964708708122e-02
-1.5962121070015356e-01
9.0818964708708094e-02
9.0818964708707914e-02
9.0818964708708400e-02
-2.4768808556920461e-02
-2.7321768120982242e+00
1.3754580110288708e+00
-1.4429191668831496e+00
-1.1131090715955714e+00
8.1702955423513268e-01
-7.4207271439704725e-01
5.8841119272897204e+00
1.3754580110288714e+00
1.7052681063164477e+00
2.0238346756283215e-01
7.2163091646628674e-01
-3.6329018702760946e-01
3.8110823434776531e-01
2.9399778078256078e-01
-2.1579635087743546e-01
1.9599852052170777e-01
-1.5541296829246500e+00
-3.6329018702760979e-01
-4.5040064059281271e-01
-5.3454141960464878e-02
-5.0731179914431646e-01
2.5539565196977126e-01
-2.6792186923259409e-01
-2.0668258483657329e-01
1.5170640907196292e-01
-1.3778838989104841e-01
1.0925645057017481e+00
2.5539565196977204e-01
3.1663493636579337e-01
3.7578651788468767e-02
3.3437891551842497e-01
-1.6833616185906977e-01
1.7659243137804317e-01
1.3622844706306120e-01
-9.9992597507567074e-02
9.0818964708708053e-02
-7.2013017471046137e-01
-1.6833616185906902e-01
-2.0870014617405183e-01
-2.4768808556919826e-02
2.0238346756282868e-01
1.3754580110288714e+00
8.1702955423513501e-01
-2.7321768120982224e+00
1.7052681063164499e+00
-7.4207271439704803e-01
1.3754580110288714e+00
5.8841119272897204e+00
-1.4429191668831443e+00
-1.1131090715955723e+00
-5.3454141960464899e-02
-3.6329018702761007e-01
-2.1579635087743548e-01
7.2163091646628519e-01
-4.5040064059281293e-01
1.9599852052170746e-01
-3.6329018702760946e-01
-1.5541296829246516e+00
3.8110823434776459e-01
2.9399778078256233e-01
3.7578651788467449e-02
2.5539565196977088e-01
1.5170640907196273e-01
-5.0731179914431623e-01
3.1663493636579437e-01
-1.3778838989104869e-01
2.5539565196977193e-01
1.0925645057017479e+00
-2.6792186923259348e-01
-2.0668258483657248e-01
-2.4768808556920027e-02
-1.6833616185907002e-01
-9.9992597507567435e-02
3.3437891551842408e-01
-2.0870014617405089e-01
9.0818964708707983e-02
-1.6833616185906969e-01
-7.2013017471046192e-01
1.7659243137804290e-01
1.3622844706306217e-01
-2.7321768120982224e+00
8.1702955423513424e-01
1.3754580110288726e+00
2.0238346756282966e-01
1.3754580110288728e+00
-7.4207271439704814e-01
1.7052681063164479e+00
-1.4429191668831460e+00
5.8841119272897187e+00
-1.1131090715955736e+00
7.2163091646628563e-01
-2.1579635087743496e-01
-3.6329018702760879e-01
-5.3454141960464926e-02
-3.6329018702760929e-01
1.9599852052170741e-01
-4.5040064059281265e-01
3.8110823434776436e-01
-1.5541296829246483e+00
2.9399778078256067e-01
-5.0731179914431634e-01
1.5170640907196317e-01
2.5539565196977326e-01
3.7578651788467803e-02
2.5539565196977276e-01
-1.3778838989104897e-01
3.1663493636579365e-01
-2.6792186923259448e-01
1.0925645057017508e+00
-2.0668258483657415e-01
3.3437891551842458e-01
-9.9992597507567560e-02
-1.6833616185907022e-01
-2.4768808556919767e-02
-1.6833616185907027e-01
9.0818964708708150e-02
-2.0870014617405111e-01
1.7659243137804284e-01
-7.2013017471046192e-01
1.3622844706306220e-01
-2.7321768120982264e+00
-2.7321768120982250e+00
-2.7321768120982250e+00
-2.7321768120982250e+00
2.0238346756283146e-01
2.0238346756283143e-01
2.0238346756283224e-01
-1.1131090715955729e+00
-1.1131090715955732e+00
2.7321768120982235e+01
7.2163091646628574e-01
7.2163091646628574e-01
7.2163091646628674e-01
7.2163091646628719e-01
-5.3454141960464989e-02
-5.3454141960465933e-02
-5.3454141960465738e-02
2.9399778078256117e-01
2.9399778078256156e-01
-7.2163091646628530e+00
-5.0731179914431801e-01
-5.0731179914431690e-01
-5.0731179914431634e-01
-5.0731179914431657e-01
3.7578651788468184e-02
3.7578651788467733e-02
3.7578651788468122e-02
-2.0668258483657301e-01
-2.0668258483657354e-01
5.0731179914431710e+00
3.3437891551842447e-01
3.3437891551842486e-01
3.3437891551842525e-01
3.3437891551842513e-01
-2.4768808556920253e-02
-2.4768808556920468e-02
-2.4768808556920444e-02
1.3622844706306200e-01
1.3622844706306234e-01
-3.3437891551842451e+00
5.0942665838565162e+01
-2.0754419415711713e+00
3.7735308028567527e-01
-5.0942665838565171e+00
-2.0754419415711669e+00
3.7735308028566561e-01
-5.0942665838565153e+00
3.7735308028566311e-01
-5.0942665838565100e+00
-5.0942665838565215e+00
2.9237998642866192e+01
-1.1911777224871392e+00
2.1657776772493920e-01
-2.9237998642866194e+00
-1.1911777224871369e+00
2.1657776772493303e-01
-2.9237998642866172e+00
2.1657776772493237e-01
-2.9237998642866150e+00
-2.9237998642866239e+00
-8.5131862133921565e+00
3.4683351239745908e-01
-6.3060638617720363e-02
8.5131862133921488e-01
3.4683351239745658e-01
-6.3060638617719739e-02
8.5131862133921710e-01
-6.3060638617718587e-02
8.5131862133921488e-01
8.5131862133921188e-01
5.0731179914431399e+00
-2.0668258483657173e-01
3.7578651788468732e-02
-5.0731179914431390e-01
-2.0668258483657104e-01
3.7578651788467136e-02
-5.0731179914431235e-01
3.7578651788467185e-02
-5.0731179914431157e-01
-5.0731179914431568e-01
-2.0754419415711696e+00
1.0971191408305517e+01
3.1795491024070159e+00
3.7735308028567793e-01
-2.6903877020367086e+00
-1.3836279610474469e+00
2.5646033419414760e+00
2.5646033419414800e+00
1.5233883611532486e+00
-5.0942665838565171e+00
-1.1911777224871378e+00
6.2967980616323533e+00
1.8248682280526907e+00
2.1657776772494153e-01
-1.5441192698907411e+00
-7.9411848165809218e-01
1.4719266806490867e+00
1.4719266806490892e+00
8.7433246970436351e-01
-2.9237998642866185e+00
3.4683351239746002e-01
-1.8334296783300008e+00
-5.3134426983449101e-01
-6.3060638617719669e-02
4.4959899755225863e-01
2.3122234159830657e-01
-4.2857878467969046e-01
-4.2857878467969013e-01
-2.5457813367894416e-01
8.5131862133921732e-01
-2.0668258483657123e-01
1.0925645057017428e+00
3.1663493636579249e-01
3.7578651788468420e-02
-2.6792186923259381e-01
-1.3778838989104758e-01
2.5539565196976954e-01
2.5539565196977065e-01
1.5170640907196117e-01
-5.0731179914431357e-01
3.7735308028567222e-01
3.1795491024070186e+00
1.0971191408305526e+01
-2.0754419415711793e+00
2.5646033419414853e+00
-1.3836279610474498e+00
-2.6903877020367037e+00
1.5233883611532546e+00
2.5646033419414840e+00
-5.0942665838565198e+00
2.1657776772493736e-01
1.8248682280526922e+00
6.2967980616323596e+00
-1.1911777224871449e+00
1.4719266806490943e+00
-7.9411848165809462e-01
-1.5441192698907369e+00
8.7433246970436773e-01
1.4719266806490936e+00
-2.9237998642866212e+00
-6.3060638617721265e-02
-5.3134426983448957e-01
-1.8334296783299975e+00
3.4683351239745724e-01
-4.2857878467968580e-01
2.3122234159830474e-01
4.4959899755226124e-01
-2.5457813367894211e-01
-4.2857878467968541e-01
8.5131862133921388e-01
3.7578651788467955e-02
3.1663493636579271e-01
1.0925645057017446e+00
-2.0668258483657331e-01
2.5539565196977171e-01
-1.3778838989104839e-01
-2.6792186923259276e-01
1.5170640907196295e-01
2.5539565196977138e-01
-5.0731179914431423e-01
-5.0942665838565144e+00
3.7735308028567482e-01
-2.0754419415711785e+00
5.0942665838565155e+01
-5.0942665838565260e+00
3.7735308028566911e-01
-2.0754419415711718e+00
-5.0942665838565118e+00
3.7735308028566095e-01
-5.0942665838565153e+00
-2.9237998642866172e+00
2.1657776772493903e-01
-1.1911777224871440e+00
2.9237998642866177e+01
-2.9237998642866239e+00
2.1657776772493531e-01
-1.1911777224871398e+00
-2.9237998642866150e+00
2.1657776772493015e-01
-2.9237998642866190e+00
8.5131862133921554e-01
-6.3060638617721862e-02
3.4683351239745674e-01
-8.5131862133921565e+00
8.5131862133921521e-01
-6.3060638617718989e-02
3.4683351239745736e-01
8.5131862133921488e-01
-6.3060638617720682e-02
8.5131862133921599e-01
-5.0731179914431312e-01
3.7578651788468136e-02
-2.0668258483657337e-01
5.0731179914431372e+00
-5.0731179914431512e-01
3.7578651788467907e-02
-2.0668258483657193e-01
-5.0731179914431435e-01
3.7578651788467456e-02
-5.0731179914431423e-01
-2.0754419415711696e+00
-2.6903877020367042e+00
2.5646033419414840e+00
-5.0942665838565260e+00
1.0971191408305529e+01
-1.3836279610474500e+00
1.5233883611532522e+00
3.1795491024070168e+00
2.5646033419414866e+00
3.7735308028566661e-01
-1.1911777224871396e+00
-1.5441192698907367e+00
1.4719266806490934e+00
-2.9237998642866239e+00
6.2967980616323596e+00
-7.9411848165809451e-01
8.7433246970436651e-01
1.8248682280526893e+00
1.4719266806490958e+00
2.1657776772493484e-01
3.4683351239745464e-01
4.4959899755226235e-01
-4.2857878467968619e-01
8.5131862133921676e-01
-1.8334296783299973e+00
2.3122234159830471e-01
-2.5457813367894100e-01
-5.3134426983449223e-01
-4.2857878467968424e-01
-6.3060638617719850e-02
-2.0668258483657143e-01
-2.6792186923259292e-01
2.5539565196977021e-01
-5.0731179914431468e-01
1.0925645057017437e+00
-1.3778838989104797e-01
1.5170640907196181e-01
3.1663493636579254e-01
2.5539565196977038e-01
3.7578651788468191e-02
3.7735308028566600e-01
-1.3836279610474480e+00
-1.3836279610474489e+00
3.7735308028566905e-01
-1.3836279610474500e+00
2.4318309618409688e+00
-1.3836279610474478e+00
-1.3836279610474496e+00
-1.3836279610474476e+00
3.7735308028566839e-01
2.1657776772493362e-01
-7.9411848165809329e-01
-7.9411848165809407e-01
2.1657776772493531e-01
-7.9411848165809451e-01
1.3957233920051340e+00
-7.9411848165809318e-01
-7.9411848165809384e-01
-7.9411848165809329e-01
2.1657776772493451e-01
-6.3060638617719350e-02
2.3122234159830568e-01
2.3122234159830535e-01
-6.3060638617719211e-02
2.3122234159830488e-01
-4.0639078220308189e-01
2.3122234159830513e-01
2.3122234159830521e-01
2.3122234159830546e-01
-6.3060638617719919e-02
3.7578651788467171e-02
-1.3778838989104791e-01
-1.3778838989104805e-01
3.7578651788468170e-02
-1.3778838989104825e-01
2.4217353374790238e-01
-1.3778838989104783e-01
-1.3778838989104847e-01
-1.3778838989104747e-01
3.7578651788467567e-02
-5.0942665838565162e+00
2.5646033419414778e+00
-2.6903877020367069e+00
-2.0754419415711696e+00
1.5233883611532493e+00
-1.3836279610474465e+00
1.0971191408305513e+01
2.5646033419414809e+00
3.1795491024070111e+00
3.7735308028566933e-01
-2.9237998642866203e+00
1.4719266806490889e+00
-1.5441192698907398e+00
-1.1911777224871383e+00
8.7433246970436396e-01
-7.9411848165809185e-01
6.2967980616323525e+00
1.4719266806490900e+00
1.8248682280526876e+00
2.1657776772493742e-01
8.5131862133921488e-01
-4.2857878467968974e-01
4.4959899755226046e-01
3.4683351239745863e-01
-2.5457813367894139e-01
2.3122234159830565e-01
-1.8334296783299968e+00
-4.2857878467968907e-01
-5.3134426983448957e-01
-6.3060638617718309e-02
-5.0731179914431379e-01
2.5539565196976904e-01
-2.6792186923259431e-01
-2.0668258483657218e-01
1.5170640907196217e-01
-1.3778838989104777e-01
1.0925645057017448e+00
2.5539565196977093e-01
3.1663493636579104e-01
3.7578651788468621e-02
3.7735308028566306e-01
2.5646033419414813e+00
1.5233883611532544e+00
-5.0942665838565153e+00
3.1795491024070190e+00
-1.3836279610474485e+00
2.5646033419414813e+00
1.0971191408305518e+01
-2.6903877020366957e+00
-2.0754419415711740e+00
2.1657776772493156e-01
1.4719266806490907e+00
8.7433246970436662e-01
-2.9237998642866181e+00
1.8248682280526911e+00
-7.9411848165809296e-01
1.4719266806490918e+00
6.2967980616323507e+00
-1.5441192698907307e+00
-1.1911777224871398e+00
-6.3060638617719711e-02
-4.2857878467968769e-01
-2.5457813367894205e-01
8.5131862133921155e-01
-5.3134426983448879e-01
2.3122234159830521e-01
-4.2857878467968596e-01
-1.8334296783299988e+00
4.4959899755226246e-01
3.4683351239745885e-01
3.7578651788466838e-02
2.5539565196977088e-01
1.5170640907196273e-01
-5.0731179914431701e-01
3.1663493636579432e-01
-1.3778838989104808e-01
2.5539565196977204e-01
1.0925645057017468e+00
-2.6792186923259242e-01
-2.0668258483657234e-01
-5.0942665838565118e+00
1.5233883611532515e+00
2.5646033419414809e+00
3.7735308028566378e-01
2.5646033419414840e+00
-1.3836279610474478e+00
3.1795491024070146e+00
-2.6903877020366980e+00
1.0971191408305510e+01
-2.0754419415711749e+00
-2.9237998642866145e+00
8.7433246970436629e-01
1.4719266806490927e+00
2.1657776772493206e-01
1.4719266806490934e+00
-7.9411848165809285e-01
1.8248682280526882e+00
-1.5441192698907329e+00
6.2967980616323489e+00
-1.1911777224871416e+00
8.5131862133921643e-01
-2.5457813367894294e-01
-4.2857878467968730e-01
-6.3060638617718934e-02
-4.2857878467968669e-01
2.3122234159830610e-01
-5.3134426983449101e-01
4.4959899755226018e-01
-1.8334296783299973e+00
3.4683351239745752e-01
-5.0731179914431157e-01
1.5170640907196126e-01
2.5539565196976982e-01
3.7578651788467941e-02
2.5539565196977010e-01
-1.3778838989104750e-01
3.1663493636579138e-01
-2.6792186923259326e-01
1.0925645057017415e+00
-2.0668258483657162e-01
-5.0942665838565198e+00
-5.0942665838565171e+00
-5.0942665838565189e+00
-5.0942665838565171e+00
3.7735308028566689e-01
3.7735308028566844e-01
3.7735308028566850e-01
-2.0754419415711740e+00
-2.0754419415711740e+00
5.0942665838565141e+01
-2.9237998642866212e+00
-2.9237998642866190e+00
-2.9237998642866208e+00
-2.9237998642866208e+00
2.1657776772493448e-01
2.1657776772493464e-01
2.1657776772493612e-01
-1.1911777224871409e+00
-1.1911777224871405e+00
2.9237998642866184e+01
8.5131862133921432e-01
8.5131862133921565e-01
8.5131862133921454e-01
8.5131862133921565e-01
-6.3060638617719281e-02
-6.3060638617719975e-02
-6.3060638617719655e-02
3.4683351239745897e-01
3.4683351239745841e-01
-8.5131862133921388e+00
-5.0731179914431490e-01
-5.0731179914431324e-01
-5.0731179914431423e-01
-5.0731179914431379e-01
3.7578651788467553e-02
3.7578651788467657e-02
3.7578651788467442e-02
-2.0668258483657231e-01
-2.0668258483657198e-01
5.0731179914431372e+00
5.1200525334654607e+01
-2.0859473284488890e+00
3.7926315062707816e-01
-5.1200525334654596e+00
-2.0859473284488859e+00
3.7926315062706961e-01
-5.1200525334654614e+00
3.7926315062706484e-01
-5.1200525334654552e+00
-5.1200525334654614e+00
5.0037188927659805e+01
-2.0385521414972496e+00
3.7064584390859728e-01
-5.0037188927659804e+00
-2.0385521414972456e+00
3.7064584390858935e-01
-5.0037188927659804e+00
3.7064584390858590e-01
-5.0037188927659759e+00
-5.0037188927659839e+00
2.9237998642866216e+01
-1.1911777224871400e+00
2.1657776772493795e-01
-2.9237998642866208e+00
-1.1911777224871380e+00
2.1657776772493356e-01
-2.9237998642866185e+00
2.1657776772493215e-01
-2.9237998642866176e+00
-2.9237998642866234e+00
-7.2163091646628494e+00
2.9399778078256145e-01
-5.3454141960465780e-02
7.2163091646628574e-01
2.9399778078256000e-01
-5.3454141960465724e-02
7.2163091646628585e-01
-5.3454141960464906e-02
7.2163091646628563e-01
7.2163091646628441e-01
-2.0859473284488872e+00
1.1026724934898166e+01
3.1956432136169877e+00
3.7926315062707938e-01
-2.7040057961374542e+00
-1.3906315522992592e+00
2.5775847459284225e+00
2.5775847459284260e+00
1.5310993858648392e+00
-5.1200525334654605e+00
-2.0385521414972474e+00
1.0776184721046064e+01
3.1230344255260936e+00
3.7064584390859950e-01
-2.6425675908297723e+00
-1.3590347609981661e+00
2.5190189761935668e+00
2.5190189761935704e+00
1.4963109994828281e+00
-5.0037188927659813e+00
-1.1911777224871389e+00
6.2967980616323578e+00
1.8248682280526922e+00
2.1657776772493981e-01
-1.5441192698907400e+00
-7.9411848165809373e-01
1.4719266806490898e+00
1.4719266806490929e+00
8.7433246970436462e-01
-2.9237998642866221e+00
2.9399778078256156e-01
-1.5541296829246476e+00
-4.5040064059281265e-01
-5.3454141960467105e-02
3.8110823434776364e-01
1.9599852052170721e-01
-3.6329018702760851e-01
-3.6329018702760829e-01
-2.1579635087743593e-01
7.2163091646628519e-01
3.7926315062707661e-01
3.1956432136169890e+00
1.1026724934898176e+01
-2.0859473284488974e+00
2.5775847459284296e+00
-1.3906315522992614e+00
-2.7040057961374506e+00
1.5310993858648454e+00
2.5775847459284265e+00
-5.1200525334654605e+00
3.7064584390859667e-01
3.1230344255260940e+00
1.0776184721046077e+01
-2.0385521414972567e+00
2.5190189761935740e+00
-1.3590347609981681e+00
-2.6425675908297701e+00
1.4963109994828330e+00
2.5190189761935713e+00
-5.0037188927659813e+00
2.1657776772493764e-01
1.8248682280526922e+00
6.2967980616323631e+00
-1.1911777224871447e+00
1.4719266806490949e+00
-7.9411848165809495e-01
-1.5441192698907378e+00
8.7433246970436751e-01
1.4719266806490940e+00
-2.9237998642866216e+00
-5.3454141960465676e-02
-4.5040064059281221e-01
-1.5541296829246467e+00
2.9399778078256111e-01
-3.6329018702760874e-01
1.9599852052170733e-01
3.8110823434776286e-01
-2.1579635087743554e-01
-3.6329018702760907e-01
7.2163091646628497e-01
-5.1200525334654605e+00
3.7926315062707905e-01
-2.0859473284488974e+00
5.1200525334654600e+01
-5.1200525334654703e+00
3.7926315062707233e-01
-2.0859473284488890e+00
-5.1200525334654561e+00
3.7926315062706567e-01
-5.1200525334654596e+00
-5.0037188927659813e+00
3.7064584390860000e-01
-2.0385521414972567e+00
5.0037188927659805e+01
-5.0037188927659892e+00
3.7064584390859157e-01
-2.0385521414972487e+00
-5.0037188927659750e+00
3.7064584390858568e-01
-5.0037188927659830e+00
-2.9237998642866225e+00
2.1657776772493961e-01
-1.1911777224871458e+00
2.9237998642866209e+01
-2.9237998642866256e+00
2.1657776772493514e-01
-1.1911777224871396e+00
-2.9237998642866168e+00
2.1657776772493120e-01
-2.9237998642866221e+00
7.2163091646628519e-01
-5.3454141960466731e-02
2.9399778078256050e-01
-7.2163091646628530e+00
7.2163091646628619e-01
-5.3454141960465572e-02
2.9399778078256056e-01
7.2163091646628463e-01
-5.3454141960464857e-02
7.2163091646628497e-01
-2.0859473284488868e+00
-2.7040057961374511e+00
2.5775847459284300e+00
-5.1200525334654721e+00
1.1026724934898182e+01
-1.3906315522992623e+00
1.5310993858648425e+00
3.1956432136169908e+00
2.5775847459284300e+00
3.7926315062707056e-01
-2.0385521414972470e+00
-2.6425675908297706e+00
2.5190189761935740e+00
-5.0037188927659910e+00
1.0776184721046075e+01
-1.3590347609981683e+00
1.4963109994828299e+00
3.1230344255260927e+00
2.5190189761935744e+00
3.7064584390859240e-01
-1.1911777224871398e+00
-1.5441192698907371e+00
1.4719266806490954e+00
-2.9237998642866265e+00
6.2967980616323640e+00
-7.9411848165809529e-01
8.7433246970436684e-01
1.8248682280526920e+00
1.4719266806490963e+00
2.1657776772493476e-01
2.9399778078256011e-01
3.8110823434776459e-01
-3.6329018702760851e-01
7.2163091646628597e-01
-1.5541296829246483e+00
1.9599852052170719e-01
-2.1579635087743465e-01
-4.5040064059281182e-01
-3.6329018702760935e-01
-5.3454141960465058e-02
3.7926315062706922e-01
-1.3906315522992589e+00
-1.3906315522992605e+00
3.7926315062707272e-01
-1.3906315522992621e+00
2.4441403040411225e+00
-1.3906315522992594e+00
-1.3906315522992612e+00
-1.3906315522992592e+00
3.7926315062707117e-01
3.7064584390858923e-01
-1.3590347609981659e+00
-1.3590347609981677e+00
3.7064584390859245e-01
-1.3590347609981686e+00
2.3886065496331410e+00
-1.3590347609981659e+00
-1.3590347609981672e+00
-1.3590347609981666e+00
3.7064584390859073e-01
2.1657776772493362e-01
-7.9411848165809307e-01
-7.9411848165809429e-01
2.1657776772493578e-01
-7.9411848165809529e-01
1.3957233920051342e+00
-7.9411848165809340e-01
-7.9411848165809429e-01
-7.9411848165809384e-01
2.1657776772493478e-01
-5.3454141960465731e-02
1.9599852052170774e-01
1.9599852052170746e-01
-5.3454141960465287e-02
1.9599852052170727e-01
-3.4448224818966733e-01
1.9599852052170733e-01
1.9599852052170724e-01
1.9599852052170763e-01
-5.3454141960465842e-02
-5.1200525334654623e+00
2.5775847459284225e+00
-2.7040057961374551e+00
-2.0859473284488890e+00
1.5310993858648410e+00
-1.3906315522992589e+00
1.1026724934898168e+01
2.5775847459284269e+00
3.1956432136169832e+00
3.7926315062707322e-01
-5.0037188927659830e+00
2.5190189761935682e+00
-2.6425675908297737e+00
-2.0385521414972492e+00
1.4963109994828288e+00
-1.3590347609981652e+00
1.0776184721046064e+01
2.5190189761935708e+00
3.1230344255260882e+00
3.7064584390859456e-01
-2.9237998642866221e+00
1.4719266806490905e+00
-1.5441192698907407e+00
-1.1911777224871400e+00
8.7433246970436562e-01
-7.9411848165809318e-01
6.2967980616323560e+00
1.4719266806490929e+00
1.8248682280526889e+00
2.1657776772493650e-01
7.2163091646628419e-01
-3.6329018702760907e-01
3.8110823434776209e-01
2.9399778078255950e-01
-2.1579635087743460e-01
1.9599852052170710e-01
-1.5541296829246436e+00
-3.6329018702760796e-01
-4.5040064059281243e-01
-5.3454141960464600e-02
3.7926315062706795e-01
2.5775847459284242e+00
1.5310993858648445e+00
-5.1200525334654579e+00
3.1956432136169894e+00
-1.3906315522992601e+00
2.5775847459284238e+00
1.1026724934898166e+01
-2.7040057961374440e+00
-2.0859473284488894e+00
3.7064584390858674e-01
2.5190189761935695e+00
1.4963109994828316e+00
-5.0037188927659777e+00
3.1230344255260922e+00
-1.3590347609981661e+00
2.5190189761935700e+00
1.0776184721046061e+01
-2.6425675908297612e+00
-2.0385521414972483e+00
2.1657776772493254e-01
1.4719266806490920e+00
8.7433246970436684e-01
-2.9237998642866190e+00
1.8248682280526922e+00
-7.9411848165809373e-01
1.4719266806490923e+00
6.2967980616323551e+00
-1.5441192698907340e+00
-1.1911777224871403e+00
-5.3454141960464718e-02
-3.6329018702760885e-01
-2.1579635087743554e-01
7.2163091646628330e-01
-4.5040064059281176e-01
1.9599852052170733e-01
-3.6329018702760812e-01
-1.5541296829246467e+00
3.8110823434776253e-01
2.9399778078256117e-01
-5.1200525334654561e+00
1.5310993858648418e+00
2.5775847459284265e+00
3.7926315062706489e-01
2.5775847459284309e+00
-1.3906315522992605e+00
3.1956432136169868e+00
-2.7040057961374391e+00
1.1026724934898159e+01
-2.0859473284488934e+00
-5.0037188927659741e+00
1.4963109994828305e+00
2.5190189761935726e+00
3.7064584390858557e-01
2.5190189761935753e+00
-1.3590347609981674e+00
3.1230344255260891e+00
-2.6425675908297594e+00
1.0776184721046057e+01
-2.0385521414972523e+00
-2.9237998642866150e+00
8.7433246970436662e-01
1.4719266806490952e+00
2.1657776772493220e-01
1.4719266806490952e+00
-7.9411848165809429e-01
1.8248682280526884e+00
-1.5441192698907338e+00
6.2967980616323542e+00
-1.1911777224871434e+00
7.2163091646628696e-01
-2.1579635087743598e-01
-3.6329018702760935e-01
-5.3454141960464559e-02
-3.6329018702760951e-01
1.9599852052170763e-01
-4.5040064059281254e-01
3.8110823434776298e-01
-1.5541296829246480e+00
2.9399778078256167e-01
-5.1200525334654658e+00
-5.1200525334654579e+00
-5.1200525334654596e+00
-5.1200525334654579e+00
3.7926315062707033e-01
3.7926315062707122e-01
3.7926315062707244e-01
-2.0859473284488930e+00
-2.0859473284488899e+00
5.1200525334654564e+01
-5.0037188927659875e+00
-5.0037188927659795e+00
-5.0037188927659804e+00
-5.0037188927659839e+00
3.7064584390859123e-01
3.7064584390859079e-01
3.7064584390859362e-01
-2.0385521414972523e+00
-2.0385521414972496e+00
5.0037188927659784e+01
-2.9237998642866279e+00
-2.9237998642866194e+00
-2.9237998642866190e+00
-2.9237998642866230e+00
2.1657776772493484e-01
2.1657776772493462e-01
2.1657776772493587e-01
-1.1911777224871414e+00
-1.1911777224871414e+00
2.9237998642866195e+01
7.2163091646628319e-01
7.2163091646628663e-01
7.2163091646628674e-01
7.2163091646628530e-01
-5.3454141960465239e-02
-5.3454141960465842e-02
-5.3454141960465530e-02
2.9399778078256095e-01
2.9399778078256139e-01
-7.2163091646628459e+00
4.8700252913219842e+01
-1.9840843779459922e+00
3.6074261417200754e-01
-4.8700252913219853e+00
-1.9840843779459889e+00
3.6074261417199738e-01
-4.8700252913219879e+00
3.6074261417198994e-01
-4.8700252913219773e+00
-4.8700252913219826e+00
5.1200525334654600e+01
-2.0859473284488899e+00
3.7926315062707938e-01
-5.1200525334654605e+00
-2.0859473284488850e+00
3.7926315062706889e-01
-5.1200525334654605e+00
3.7926315062706284e-01
-5.1200525334654508e+00
-5.1200525334654587e+00
5.0942665838565198e+01
-2.0754419415711727e+00
3.7735308028567455e-01
-5.0942665838565215e+00
-2.0754419415711673e+00
3.7735308028566567e-01
-5.0942665838565171e+00
3.7735308028566272e-01
-5.0942665838565118e+00
-5.0942665838565206e+00
2.7321768120982245e+01
-1.1131090715955716e+00
2.0238346756283557e-01
-2.7321768120982259e+00
-1.1131090715955680e+00
2.0238346756282999e-01
-2.7321768120982233e+00
2.0238346756282929e-01
-2.7321768120982197e+00
-2.7321768120982250e+00
-1.9840843779459916e+00
1.0488257486111806e+01
3.0395905453381395e+00
3.6074261417200315e-01
-2.5719612306707287e+00
-1.3227229186306624e+00
2.4517136926133967e+00
2.4517136926134016e+00
1.4563312942499194e+00
-4.8700252913219826e+00
-2.0859473284488890e+00
1.1026724934898168e+01
3.1956432136169912e+00
3.7926315062707699e-01
-2.7040057961374484e+00
-1.3906315522992603e+00
2.5775847459284229e+00
2.5775847459284282e+00
1.5310993858648407e+00
-5.1200525334654579e+00
-2.0754419415711731e+00
1.0971191408305522e+01
3.1795491024070199e+00
3.7735308028567444e-01
-2.6903877020367033e+00
-1.3836279610474489e+00
2.5646033419414800e+00
2.5646033419414844e+00
1.5233883611532506e+00
-5.0942665838565171e+00
-1.1131090715955720e+00
5.8841119272897222e+00
1.7052681063164503e+00
2.0238346756283504e-01
-1.4429191668831496e+00
-7.4207271439704792e-01
1.3754580110288712e+00
1.3754580110288723e+00
8.1702955423513302e-01
-2.7321768120982233e+00
3.6074261417200643e-01
3.0395905453381395e+00
1.0488257486111822e+01
-1.9840843779460025e+00
2.4517136926134029e+00
-1.3227229186306633e+00
-2.5719612306707367e+00
1.4563312942499258e+00
2.4517136926133967e+00
-4.8700252913219853e+00
3.7926315062707994e-01
3.1956432136169877e+00
1.1026724934898178e+01
-2.0859473284488983e+00
2.5775847459284287e+00
-1.3906315522992605e+00
-2.7040057961374568e+00
1.5310993858648461e+00
2.5775847459284229e+00
-5.1200525334654587e+00
3.7735308028567460e-01
3.1795491024070173e+00
1.0971191408305531e+01
-2.0754419415711811e+00
2.5646033419414853e+00
-1.3836279610474496e+00
-2.6903877020367077e+00
1.5233883611532553e+00
2.5646033419414818e+00
-5.0942665838565171e+00
2.0238346756283498e-01
1.7052681063164505e+00
5.8841119272897275e+00
-1.1131090715955756e+00
1.3754580110288723e+00
-7.4207271439704847e-01
-1.4429191668831494e+00
8.1702955423513546e-01
1.3754580110288708e+00
-2.7321768120982228e+00
-4.8700252913219835e+00
3.6074261417200454e-01
-1.9840843779459998e+00
4.8700252913219842e+01
-4.8700252913219941e+00
3.6074261417200038e-01
-1.9840843779459925e+00
-4.8700252913219835e+00
3.6074261417199366e-01
-4.8700252913219826e+00
-5.1200525334654587e+00
3.7926315062707650e-01
-2.0859473284488965e+00
5.1200525334654600e+01
-5.1200525334654650e+00
3.7926315062707172e-01
-2.0859473284488890e+00
-5.1200525334654561e+00
3.7926315062706545e-01
-5.1200525334654596e+00
-5.0942665838565206e+00
3.7735308028567466e-01
-2.0754419415711798e+00
5.0942665838565183e+01
-5.0942665838565260e+00
3.7735308028566877e-01
-2.0754419415711713e+00
-5.0942665838565153e+00
3.7735308028566322e-01
-5.0942665838565198e+00
-2.7321768120982242e+00
2.0238346756283465e-01
-1.1131090715955756e+00
2.7321768120982238e+01
-2.7321768120982290e+00
2.0238346756283215e-01
-1.1131090715955720e+00
-2.7321768120982246e+00
2.0238346756282966e-01
-2.7321768120982246e+00
-1.9840843779459880e+00
-2.5719612306707309e+00
2.4517136926134002e+00
-4.8700252913219950e+00
1.0488257486111818e+01
-1.3227229186306633e+00
1.4563312942499205e+00
3.0395905453381422e+00
2.4517136926133989e+00
3.6074261417199766e-01
-2.0859473284488845e+00
-2.7040057961374502e+00
2.5775847459284265e+00
-5.1200525334654685e+00
1.1026724934898173e+01
-1.3906315522992605e+00
1.5310993858648401e+00
3.1956432136169886e+00
2.5775847459284256e+00
3.7926315062707217e-01
-2.0754419415711682e+00
-2.6903877020367064e+00
2.5646033419414840e+00
-5.0942665838565286e+00
1.0971191408305531e+01
-1.3836279610474496e+00
1.5233883611532506e+00
3.1795491024070190e+00
2.5646033419414835e+00
3.7735308028566866e-01
-1.1131090715955694e+00
-1.4429191668831500e+00
1.3754580110288717e+00
-2.7321768120982290e+00
5.8841119272897258e+00
-7.4207271439704847e-01
8.1702955423513335e-01
1.7052681063164516e+00
1.3754580110288710e+00
2.0238346756283226e-01
3.6074261417199727e-01
-1.3227229186306610e+00
-1.3227229186306622e+00
3.6074261417200076e-01
-1.3227229186306646e+00
2.3247857357751021e+00
-1.3227229186306619e+00
-1.3227229186306642e+00
-1.3227229186306610e+00
3.6074261417199877e-01
3.7926315062706889e-01
-1.3906315522992594e+00
-1.3906315522992609e+00
3.7926315062707266e-01
-1.3906315522992623e+00
2.4441403040411234e+00
-1.3906315522992592e+00
-1.3906315522992616e+00
-1.3906315522992592e+00
3.7926315062707044e-01
3.7735308028566605e-01
-1.3836279610474485e+00
-1.3836279610474500e+00
3.7735308028566955e-01
-1.3836279610474513e+00
2.4318309618409706e+00
-1.3836279610474482e+00
-1.3836279610474504e+00
-1.3836279610474485e+00
3.7735308028566794e-01
2.0238346756283015e-01
-7.4207271439704803e-01
-7.4207271439704858e-01
2.0238346756283229e-01
-7.4207271439704892e-01
1.3042490131826905e+00
-7.4207271439704781e-01
-7.4207271439704892e-01
-7.4207271439704747e-01
2.0238346756283132e-01
-4.8700252913219861e+00
2.4517136926133953e+00
-2.5719612306707389e+00
-1.9840843779459918e+00
1.4563312942499216e+00
-1.3227229186306613e+00
1.0488257486111813e+01
2.4517136926134029e+00
3.0395905453381338e+00
3.6074261417200187e-01
-5.1200525334654623e+00
2.5775847459284225e+00
-2.7040057961374573e+00
-2.0859473284488885e+00
1.5310993858648416e+00
-1.3906315522992585e+00
1.1026724934898169e+01
2.5775847459284282e+00
3.1956432136169828e+00
3.7926315062707550e-01
-5.0942665838565206e+00
2.5646033419414791e+00
-2.6903877020367091e+00
-2.0754419415711709e+00
1.5233883611532513e+00
-1.3836279610474476e+00
1.0971191408305518e+01
2.5646033419414849e+00
3.1795491024070115e+00
3.7735308028567077e-01
-2.7321768120982237e+00
1.3754580110288699e+00
-1.4429191668831505e+00
-1.1131090715955714e+00
8.1702955423513313e-01
-7.4207271439704725e-01
5.8841119272897195e+00
1.3754580110288723e+00
1.7052681063164463e+00
2.0238346756283271e-01
3.6074261417199438e-01
2.4517136926133971e+00
1.4563312942499240e+00
-4.8700252913219844e+00
3.0395905453381418e+00
-1.3227229186306626e+00
2.4517136926133976e+00
1.0488257486111809e+01
-2.5719612306707229e+00
-1.9840843779459927e+00
3.7926315062706434e-01
2.5775847459284242e+00
1.5310993858648445e+00
-5.1200525334654570e+00
3.1956432136169899e+00
-1.3906315522992601e+00
2.5775847459284256e+00
1.1026724934898164e+01
-2.7040057961374382e+00
-2.0859473284488885e+00
3.7735308028566267e-01
2.5646033419414813e+00
1.5233883611532537e+00
-5.0942665838565162e+00
3.1795491024070208e+00
-1.3836279610474491e+00
2.5646033419414827e+00
1.0971191408305522e+01
-2.6903877020366971e+00
-2.0754419415711731e+00
2.0238346756282868e-01
1.3754580110288717e+00
8.1702955423513490e-01
-2.7321768120982250e+00
1.7052681063164521e+00
-7.4207271439704836e-01
1.3754580110288728e+00
5.8841119272897249e+00
-1.4429191668831458e+00
-1.1131090715955727e+00
-4.8700252913219790e+00
1.4563312942499202e+00
2.4517136926133976e+00
3.6074261417199122e-01
2.4517136926134042e+00
-1.3227229186306628e+00
3.0395905453381378e+00
-2.5719612306707167e+00
1.0488257486111797e+01
-1.9840843779459960e+00
-5.1200525334654508e+00
1.5310993858648410e+00
2.5775847459284260e+00
3.7926315062706312e-01
2.5775847459284300e+00
-1.3906315522992598e+00
3.1956432136169823e+00
-2.7040057961374355e+00
1.1026724934898152e+01
-2.0859473284488907e+00
-5.0942665838565109e+00
1.5233883611532513e+00
2.5646033419414827e+00
3.7735308028566317e-01
2.5646033419414844e+00
-1.3836279610474482e+00
3.1795491024070115e+00
-2.6903877020366966e+00
1.0971191408305510e+01
-2.0754419415711745e+00
-2.7321768120982171e+00
8.1702955423513246e-01
1.3754580110288699e+00
2.0238346756282993e-01
1.3754580110288710e+00
-7.4207271439704747e-01
1.7052681063164468e+00
-1.4429191668831460e+00
5.8841119272897133e+00
-1.1131090715955714e+00
-4.8700252913219870e+00
-4.8700252913219826e+00
-4.8700252913219861e+00
-4.8700252913219764e+00
3.6074261417199438e-01
3.6074261417199988e-01
3.6074261417200076e-01
-1.9840843779459978e+00
-1.9840843779459927e+00
4.8700252913219806e+01
-5.1200525334654623e+00
-5.1200525334654552e+00
-5.1200525334654587e+00
-5.1200525334654534e+00
3.7926315062706784e-01
3.7926315062707133e-01
3.7926315062707427e-01
-2.0859473284488925e+00
-2.0859473284488885e+00
5.1200525334654550e+01
-5.0942665838565215e+00
-5.0942665838565153e+00
-5.0942665838565180e+00
-5.0942665838565171e+00
3.7735308028566611e-01
3.7735308028566822e-01
3.7735308028566977e-01
-2.0754419415711745e+00
-2.0754419415711736e+00
5.0942665838565148e+01
-2.7321768120982246e+00
-2.7321768120982228e+00
-2.7321768120982233e+00
-2.7321768120982250e+00
2.0238346756283127e-01
2.0238346756283138e-01
2.0238346756283171e-01
-1.1131090715955727e+00
-1.1131090715955720e+00
2.7321768120982220e+01
