2.6133333333333343e+02
-1.7201731824417017e+01
5.9533607681756395e+00
-7.2916666666646768e-01
-1.9972565157748374e+00
2.5451817558299381e+00
9.3333333333333908e+00
-1.7201731824416989e+01
5.9533607681756360e+00
-7.2916666666660757e-01
-1.9972565157750231e+00
2.5451817558298768e+00
9.3333333333332842e+00
5.9533607681756298e+00
-7.2916666666658592e-01
-1.9972565157749200e+00
2.5451817558299243e+00
9.3333333333332664e+00
-7.2916666666669849e-01
-1.9972565157749713e+00
2.5451817558299634e+00
9.3333333333333783e+00
-1.9972565157751707e+00
2.5451817558300545e+00
9.3333333333333712e+00
2.5451817558296623e+00
9.3333333333332753e+00
9.3333333333334991e+00
-9.5654638855666690e+01
6.2962708368238651e+00
-2.1790812790459353e+00
2.6689352359289215e-01
7.3104662264773701e-01
-9.3160117988246238e-01
-3.4162371019880786e+00
6.2962708368238518e+00
-2.1790812790458847e+00
2.6689352359283153e-01
7.3104662264772313e-01
-9.3160117988240643e-01
-3.4162371019881022e+00
-2.1790812790458514e+00
2.6689352359284280e-01
7.3104662264771303e-01
-9.3160117988241287e-01
-3.4162371019881008e+00
2.6689352359280716e-01
7.3104662264767084e-01
-9.3160117988242042e-01
-3.4162371019880515e+00
7.3104662264760290e-01
-9.3160117988238211e-01
-3.4162371019880253e+00
-9.3160117988247404e-01
-3.4162371019880631e+00
-3.4162371019881301e+00
-1.7201731824416981e+01
4.0267909803545841e+01
1.3199538024917146e+01
-2.6317890517832181e+00
6.5335921579295450e-02
4.6641231840648023e-01
2.5451817558299585e+00
3.1315740316628116e+00
-4.1398577629766029e+00
-1.1888420799827226e-01
1.0488262157599544e+00
-4.2156620109581411e-01
6.0576985314163045e-01
3.9310779559725328e+00
2.0702169681700404e+00
2.7626726202910451e-01
-8.6020098979708193e-01
-1.7439377089836534e+00
-4.6316242819787021e+00
-6.3514953660484208e-01
-6.2567237039542445e-01
-3.6789815350651418e+00
1.5698345394879298e+00
1.0701514990611467e-01
-3.8805964584967931e+00
6.0576985314163467e-01
-4.2562607968537397e-01
9.3333333333333144e+00
6.2962708368238776e+00
-1.4739077945398282e+01
-4.8313662353383480e+00
9.6330165035443871e-01
-2.3914607077674843e-02
-1.7071875717478671e-01
-9.3160117988243407e-01
-1.1462356494202539e+00
1.5152931093036832e+00
4.3514640236165816e-02
-3.8389703912324574e-01
1.5430393897796935e-01
-2.2172715509659827e-01
-1.4388743961429600e+00
-7.5775200169582169e-01
-1.0112083613660992e-01
3.1485541462624639e-01
6.3832550410566580e-01
1.6952921479890914e+00
2.3248086559928935e-01
2.2901198201075754e-01
1.3466007018877222e+00
-5.7459932119081014e-01
-3.9170263455431571e-02
1.4203968856457405e+00
-2.2172715509660079e-01
1.5578995767800005e-01
-3.4162371019881062e+00
5.9533607681756076e+00
1.3199538024917135e+01
3.1922595358656924e+01
1.4694358710562428e+01
-1.7106922499392780e+00
6.5335921579272233e-02
-1.9972565157750024e+00
3.9310779559725262e+00
-1.7489882461082167e+00
-3.0057372314142152e+00
-2.9067960977795348e-01
1.1492075319743837e+00
1.5698345394879238e+00
-4.0394549912407900e+00
1.8966351626991460e+00
1.1492075319743857e+00
6.7120691666620089e-02
3.7636915480740107e+00
-1.9972565157750175e+00
-1.5002663748186524e+00
-4.7023093814741096e-01
2.5451817558299061e+00
3.7636915480740196e+00
5.1787063380507425e-01
-1.7439377089836803e+00
-1.7439377089836881e+00
-3.8805964584967887e+00
9.3333333333333428e+00
-2.1790812790459082e+00
-4.8313662353383560e+00
-1.1684480855999652e+01
-5.3785085803869856e+00
6.2615682153494434e-01
-2.3914607077693446e-02
7.3104662264765752e-01
-1.4388743961429569e+00
6.4017412899600878e-01
1.1001761837983113e+00
1.0639612154087688e-01
-4.2063915092304183e-01
-5.7459932119081902e-01
1.4785431442379793e+00
-6.9421665125871446e-01
-4.2063915092303611e-01
-2.4567878269568289e-02
-1.3776067186038610e+00
7.3104662264766429e-01
5.4913560562721375e-01
1.7211646900734417e-01
-9.3160117988241897e-01
-1.3776067186038632e+00
-1.8955380784660275e-01
6.3832550410566236e-01
6.3832550410565991e-01
1.4203968856457463e+00
-3.4162371019880946e+00
-7.2916666666665875e-01
-2.6317890517832185e+00
1.4694358710562428e+01
3.0305989583333339e+01
1.4694358710562442e+01
-2.6317890517832412e+00
-7.2916666666664587e-01
-4.6316242819787341e+00
9.7081565072012280e-02
-2.3040297603738038e+00
-2.3040297603738056e+00
9.7081565072007173e-02
-4.6316242819786986e+00
-1.9972565157750319e+00
5.8689664780521167e-01
1.9516460905349808e+00
5.8689664780521522e-01
-1.9972565157750268e+00
2.9964192708333224e+00
-1.1375881451474648e+00
-1.1375881451474577e+00
2.9964192708333215e+00
2.5451817558299061e+00
9.7638567386831387e-01
2.5451817558298915e+00
-3.6789815350651534e+00
-3.6789815350651445e+00
9.3333333333333499e+00
2.6689352359281582e-01
9.6330165035444126e-01
-5.3785085803869856e+00
-1.1092762074326576e+01
-5.3785085803869892e+00
9.6330165035444182e-01
2.6689352359280305e-01
1.6952921479890841e+00
-3.5534319055510827e-02
8.4333342337218298e-01
8.4333342337218165e-01
-3.5534319055510744e-02
1.6952921479890855e+00
7.3104662264765896e-01
-2.1481908249263595e-01
-7.1435204833238497e-01
-2.1481908249263490e-01
7.3104662264766185e-01
-1.0967655735142485e+00
4.1638616016799068e-01
4.1638616016799196e-01
-1.0967655735142439e+00
-9.3160117988243407e-01
-3.5738196052698934e-01
-9.3160117988242941e-01
1.3466007018877131e+00
1.3466007018877122e+00
-3.4162371019880928e+00
-1.9972565157750157e+00
6.5335921579297296e-02
-1.7106922499392687e+00
1.4694358710562446e+01
3.1922595358656913e+01
1.3199538024917159e+01
5.9533607681756227e+00
1.5698345394879309e+00
1.1492075319743784e+00
-2.9067960977795343e-01
-3.0057372314142188e+00
-1.7489882461082265e+00
3.9310779559725306e+00
3.7636915480740210e+00
6.7120691666621476e-02
1.1492075319743873e+00
1.8966351626991500e+00
-4.0394549912407864e+00
2.5451817558298977e+00
-4.7023093814741290e-01
-1.5002663748186500e+00
-1.9972565157750335e+00
-1.7439377089836794e+00
5.1787063380506826e-01
3.7636915480740041e+00
-3.8805964584967989e+00
-1.7439377089836774e+00
9.3333333333333499e+00
7.3104662264764775e-01
-2.3914607077671415e-02
6.2615682153494934e-01
-5.3785085803869999e+00
-1.1684480855999654e+01
-4.8313662353383569e+00
-2.1790812790459424e+00
-5.7459932119082291e-01
-4.2063915092304727e-01
1.0639612154087444e-01
1.1001761837983106e+00
6.4017412899599790e-01
-1.4388743961429358e+00
-1.3776067186038716e+00
-2.4567878269566343e-02
-4.2063915092304288e-01
-6.9421665125871612e-01
1.4785431442379722e+00
-9.3160117988243196e-01
1.7211646900734204e-01
5.4913560562721697e-01
7.3104662264765041e-01
6.3832550410565914e-01
-1.8955380784660925e-01
-1.3776067186038676e+00
1.4203968856457536e+00
6.3832550410566857e-01
-3.4162371019880906e+00
2.5451817558299532e+00
4.6641231840649044e-01
6.5335921579279505e-02
-2.6317890517832607e+00
1.3199538024917134e+01
4.0267909803545848e+01
-1.7201731824416996e+01
6.0576985314162890e-01
-4.2156620109581755e-01
1.0488262157599564e+00
-1.1888420799827912e-01
-4.1398577629766260e+00
3.1315740316628373e+00
-1.7439377089836934e+00
-8.6020098979707216e-01
2.7626726202908597e-01
2.0702169681700253e+00
3.9310779559725404e+00
-3.6789815350651653e+00
-6.2567237039541801e-01
-6.3514953660483653e-01
-4.6316242819787190e+00
-3.8805964584968025e+00
1.0701514990610822e-01
1.5698345394879027e+00
-4.2562607968536131e-01
6.0576985314160836e-01
9.3333333333333304e+00
-9.3160117988245816e-01
-1.7071875717476789e-01
-2.3914607077692003e-02
9.6330165035441617e-01
-4.8313662353383799e+00
-1.4739077945398261e+01
6.2962708368238571e+00
-2.2172715509660543e-01
1.5430393897796807e-01
-3.8389703912323603e-01
4.3514640236170639e-02
1.5152931093036641e+00
-1.1462356494202399e+00
6.3832550410565603e-01
3.1485541462625105e-01
-1.0112083613661305e-01
-7.5775200169583579e-01
-1.4388743961429415e+00
1.3466007018877120e+00
2.2901198201075154e-01
2.3248086559928258e-01
1.6952921479890750e+00
1.4203968856457505e+00
-3.9170263455431363e-02
-5.7459932119083212e-01
1.5578995767801615e-01
-2.2172715509660082e-01
-3.4162371019881106e+00
9.3333333333334103e+00
2.5451817558299616e+00
-1.9972565157749618e+00
-7.2916666666660335e-01
5.9533607681756484e+00
-1.7201731824416942e+01
2.6133333333333337e+02
9.3333333333333286e+00
2.5451817558298719e+00
-1.9972565157750670e+00
-7.2916666666665919e-01
5.9533607681756040e+00
-1.7201731824416981e+01
9.3333333333334014e+00
2.5451817558299092e+00
-1.9972565157749549e+00
-7.2916666666663299e-01
5.9533607681755916e+00
9.3333333333333641e+00
2.5451817558299403e+00
-1.9972565157750102e+00
-7.2916666666660190e-01
9.3333333333333108e+00
2.5451817558298861e+00
-1.9972565157749020e+00
9.3333333333333464e+00
2.5451817558299661e+00
9.3333333333333410e+00
-3.4162371019880666e+00
-9.3160117988245694e-01
7.3104662264768627e-01
2.6689352359284901e-01
-2.1790812790459095e+00
6.2962708368238625e+00
-9.5654638855666889e+01
-3.4162371019881190e+00
-9.3160117988242930e-01
7.3104662264762743e-01
2.6689352359280638e-01
-2.1790812790458958e+00
6.2962708368238598e+00
-3.4162371019880635e+00
-9.3160117988244140e-01
7.3104662264771569e-01
2.6689352359286056e-01
-2.1790812790459153e+00
-3.4162371019880471e+00
-9.3160117988242364e-01
7.3104662264774634e-01
2.6689352359283791e-01
-3.4162371019880799e+00
-9.3160117988243163e-01
7.3104662264768283e-01
-3.4162371019880831e+00
-9.3160117988243007e-01
-3.4162371019880950e+00
-1.7201731824416971e+01
3.1315740316628307e+00
3.9310779559725315e+00
-4.6316242819787536e+00
1.5698345394879105e+00
6.0576985314162868e-01
9.3333333333333535e+00
4.0267909803545926e+01
-4.1398577629766233e+00
2.0702169681700360e+00
-6.3514953660484363e-01
1.0701514990610843e-01
-4.2562607968536265e-01
1.3199538024917185e+01
-1.1888420799828399e-01
2.7626726202908519e-01
-6.2567237039542356e-01
-3.8805964584967900e+00
-2.6317890517832350e+00
1.0488262157599548e+00
-8.6020098979708315e-01
-3.6789815350651529e+00
6.5335921579261325e-02
-4.2156620109581544e-01
-1.7439377089836876e+00
4.6641231840646097e-01
6.0576985314161380e-01
2.5451817558298950e+00
6.2962708368238651e+00
-1.1462356494202448e+00
-1.4388743961429542e+00
1.6952921479890726e+00
-5.7459932119083779e-01
-2.2172715509661595e-01
-3.4162371019880902e+00
-1.4739077945398266e+01
1.5152931093036648e+00
-7.5775200169583168e-01
2.3248086559928513e-01
-3.9170263455429843e-02
1.5578995767800019e-01
-4.8313662353383515e+00
4.3514640236163180e-02
-1.0112083613661760e-01
2.2901198201075054e-01
1.4203968856457452e+00
9.6330165035444282e-01
-3.8389703912324269e-01
3.1485541462624922e-01
1.3466007018877191e+00
-2.3914607077669358e-02
1.5430393897796985e-01
6.3832550410565336e-01
-1.7071875717476928e-01
-2.2172715509660637e-01
-9.3160117988242774e-01
5.9533607681755640e+00
-4.1398577629766198e+00
-1.7489882461082200e+00
9.7081565072017081e-02
1.1492075319743862e+00
-4.2156620109581455e-01
2.5451817558298946e+00
-4.1398577629766251e+00
5.3578303568152359e+00
8.5558544150185323e-01
-6.6106967159806818e-01
4.5746548174855994e-01
1.0701514990610514e-01
-1.7489882461082253e+00
8.5558544150185589e-01
-2.5646355851354780e-01
1.9361839400740397e-01
5.1787063380506659e-01
9.7081565072013556e-02
-6.6106967159806951e-01
1.9361839400740222e-01
9.7638567386831421e-01
1.1492075319743831e+00
4.5746548174855739e-01
5.1787063380507170e-01
-4.2156620109581733e-01
1.0701514990610514e-01
2.5451817558299012e+00
-2.1790812790459082e+00
1.5152931093036670e+00
6.4017412899600035e-01
-3.5534319055506955e-02
-4.2063915092303966e-01
1.5430393897797179e-01
-9.3160117988243418e-01
1.5152931093036661e+00
-1.9611020197618263e+00
-3.1316600669780392e-01
2.4196829347633214e-01
-1.6744398767446078e-01
-3.9170263455430801e-02
6.4017412899599957e-01
-3.1316600669780309e-01
9.3872177560919812e-02
-7.0869250846652881e-02
-1.8955380784660389e-01
-3.5534319055512360e-02
2.4196829347632867e-01
-7.0869250846654824e-02
-3.5738196052698923e-01
-4.2063915092304488e-01
-1.6744398767446469e-01
-1.8955380784659823e-01
1.5430393897796912e-01
-3.9170263455430322e-02
-9.3160117988242808e-01
-7.2916666666666019e-01
-1.1888420799828102e-01
-3.0057372314142099e+00
-2.3040297603738016e+00
-2.9067960977794871e-01
1.0488262157599539e+00
-1.9972565157750348e+00
2.0702169681700324e+00
8.5558544150185223e-01
4.4067240722041507e+00
1.1825720640173327e+00
-6.6106967159807162e-01
-6.3514953660483786e-01
1.8966351626991538e+00
4.8387429582669672e-01
6.7250597902683218e-01
-3.5690666868770460e-01
-1.5002663748186500e+00
5.8689664780521300e-01
-3.5690666868770371e-01
-4.9494528055559883e-01
-1.1375881451474648e+00
6.7120691666618298e-02
1.9361839400740025e-01
-4.7023093814741512e-01
-8.6020098979707793e-01
-6.2567237039541423e-01
2.5451817558298950e+00
2.6689352359282004e-01
4.3514640236164054e-02
1.1001761837983095e+00
8.4333342337218442e-01
1.0639612154087544e-01
-3.8389703912324369e-01
7.3104662264765874e-01
-7.5775200169583345e-01
-3.1316600669780426e-01
-1.6129729578951360e+00
-4.3285141723614401e-01
2.4196829347633048e-01
2.3248086559928385e-01
-6.9421665125872178e-01
-1.7711028451087937e-01
-2.4615427252074634e-01
1.3063690751977697e-01
5.4913560562721098e-01
-2.1481908249263551e-01
1.3063690751977633e-01
1.8116254616656824e-01
4.1638616016798979e-01
-2.4567878269563498e-02
-7.0869250846653367e-02
1.7211646900734137e-01
3.1485541462624972e-01
2.2901198201075118e-01
-9.3160117988243007e-01
-1.9972565157750357e+00
1.0488262157599519e+00
-2.9067960977795038e-01
-2.3040297603738011e+00
-3.0057372314142108e+00
-1.1888420799828307e-01
-7.2916666666667018e-01
-6.3514953660484297e-01
-6.6106967159806940e-01
1.1825720640173354e+00
4.4067240722041525e+00
8.5558544150185489e-01
2.0702169681700218e+00
-1.5002663748186551e+00
-3.5690666868770393e-01
6.7250597902683273e-01
4.8387429582669983e-01
1.8966351626991458e+00
-1.1375881451474592e+00
-4.9494528055560189e-01
-3.5690666868770460e-01
5.8689664780521100e-01
-4.7023093814741296e-01
1.9361839400739972e-01
6.7120691666616980e-02
-6.2567237039541790e-01
-8.6020098979707660e-01
2.5451817558298928e+00
7.3104662264765952e-01
-3.8389703912324502e-01
1.0639612154087474e-01
8.4333342337218464e-01
1.1001761837983095e+00
4.3514640236163436e-02
2.6689352359282087e-01
2.3248086559928563e-01
2.4196829347633120e-01
-4.3285141723614290e-01
-1.6129729578951353e+00
-3.1316600669780409e-01
-7.5775200169582979e-01
5.4913560562721375e-01
1.3063690751977711e-01
-2.4615427252074437e-01
-1.7711028451087943e-01
-6.9421665125871934e-01
4.1638616016799168e-01
1.8116254616656705e-01
1.3063690751977561e-01
-2.1481908249263595e-01
1.7211646900734348e-01
-7.0869250846653728e-02
-2.4567878269565122e-02
2.2901198201075160e-01
3.1485541462624900e-01
-9.3160117988243019e-01
2.5451817558299048e+00
-4.2156620109581594e-01
1.1492075319743880e+00
9.7081565072014944e-02
-1.7489882461082187e+00
-4.1398577629766171e+00
5.9533607681755747e+00
1.0701514990610225e-01
4.5746548174856089e-01
-6.6106967159806895e-01
8.5558544150185822e-01
5.3578303568152394e+00
-4.1398577629766038e+00
5.1787063380506981e-01
1.9361839400740208e-01
-2.5646355851354885e-01
8.5558544150185489e-01
-1.7489882461082162e+00
9.7638567386831299e-01
1.9361839400740044e-01
-6.6106967159807128e-01
9.7081565072016415e-02
5.1787063380507026e-01
4.5746548174856083e-01
1.1492075319743884e+00
1.0701514990610465e-01
-4.2156620109581400e-01
2.5451817558299021e+00
-9.3160117988242996e-01
1.5430393897796929e-01
-4.2063915092304077e-01
-3.5534319055506476e-02
6.4017412899600146e-01
1.5152931093036637e+00
-2.1790812790459082e+00
-3.9170263455432876e-02
-1.6744398767445975e-01
2.4196829347633056e-01
-3.1316600669780298e-01
-1.9611020197618245e+00
1.5152931093036568e+00
-1.8955380784660417e-01
-7.0869250846653228e-02
9.3872177560916828e-02
-3.1316600669780192e-01
6.4017412899599468e-01
-3.5738196052699078e-01
-7.0869250846654575e-02
2.4196829347632906e-01
-3.5534319055510660e-02
-1.8955380784660314e-01
-1.6744398767446225e-01
-4.2063915092304199e-01
-3.9170263455433563e-02
1.5430393897796990e-01
-9.3160117988242763e-01
9.3333333333332931e+00
6.0576985314160836e-01
1.5698345394879125e+00
-4.6316242819787075e+00
3.9310779559725244e+00
3.1315740316628182e+00
-1.7201731824416981e+01
-4.2562607968534949e-01
1.0701514990610786e-01
-6.3514953660483608e-01
2.0702169681700173e+00
-4.1398577629766109e+00
4.0267909803545713e+01
-3.8805964584967843e+00
-6.2567237039541568e-01
2.7626726202908802e-01
-1.1888420799828360e-01
1.3199538024917091e+01
-3.6789815350651334e+00
-8.6020098979707482e-01
1.0488262157599533e+00
-2.6317890517832376e+00
-1.7439377089836792e+00
-4.2156620109581316e-01
6.5335921579262976e-02
6.0576985314160836e-01
4.6641231840645675e-01
2.5451817558298870e+00
-3.4162371019880853e+00
-2.2172715509660110e-01
-5.7459932119081569e-01
1.6952921479890852e+00
-1.4388743961429491e+00
-1.1462356494202504e+00
6.2962708368238820e+00
1.5578995767801232e-01
-3.9170263455430461e-02
2.3248086559928796e-01
-7.5775200169582235e-01
1.5152931093036637e+00
-1.4739077945398225e+01
1.4203968856457572e+00
2.2901198201075493e-01
-1.0112083613661160e-01
4.3514640236152778e-02
-4.8313662353383284e+00
1.3466007018877169e+00
3.1485541462624955e-01
-3.8389703912325368e-01
9.6330165035445048e-01
6.3832550410565847e-01
1.5430393897797351e-01
-2.3914607077655019e-02
-2.2172715509660379e-01
-1.7071875717475712e-01
-9.3160117988242119e-01
5.9533607681755871e+00
3.9310779559725288e+00
-4.0394549912407971e+00
-1.9972565157750304e+00
3.7636915480740143e+00
-1.7439377089836807e+00
9.3333333333333570e+00
1.3199538024917171e+01
-1.7489882461082178e+00
1.8966351626991615e+00
-1.5002663748186602e+00
5.1787063380506559e-01
-3.8805964584967980e+00
3.1922595358656963e+01
-3.0057372314142166e+00
1.1492075319743895e+00
-4.7023093814741423e-01
-1.7439377089836983e+00
1.4694358710562405e+01
-2.9067960977794449e-01
6.7120691666616203e-02
2.5451817558299106e+00
-1.7106922499393289e+00
1.1492075319743891e+00
3.7636915480740241e+00
6.5335921579236469e-02
1.5698345394879258e+00
-1.9972565157750035e+00
-2.1790812790458900e+00
-1.4388743961429415e+00
1.4785431442379957e+00
7.3104662264767273e-01
-1.3776067186038707e+00
6.3832550410565636e-01
-3.4162371019881137e+00
-4.8313662353383728e+00
6.4017412899600123e-01
-6.9421665125871690e-01
5.4913560562721109e-01
-1.8955380784660519e-01
1.4203968856457481e+00
-1.1684480855999679e+01
1.1001761837983204e+00
-4.2063915092303450e-01
1.7211646900734165e-01
6.3832550410566380e-01
-5.3785085803869865e+00
1.0639612154087363e-01
-2.4567878269564955e-02
-9.3160117988242486e-01
6.2615682153496588e-01
-4.2063915092304649e-01
-1.3776067186038725e+00
-2.3914607077677535e-02
-5.7459932119082224e-01
7.3104662264766862e-01
-7.2916666666666374e-01
2.0702169681700293e+00
1.8966351626991538e+00
5.8689664780521456e-01
6.7120691666621435e-02
-8.6020098979707393e-01
2.5451817558299057e+00
-1.1888420799828271e-01
8.5558544150185134e-01
4.8387429582669672e-01
-3.5690666868770243e-01
1.9361839400740291e-01
-6.2567237039541435e-01
-3.0057372314142192e+00
4.4067240722041578e+00
6.7250597902683384e-01
-4.9494528055560294e-01
-4.7023093814740835e-01
-2.3040297603737989e+00
1.1825720640173363e+00
-3.5690666868770593e-01
-1.1375881451474628e+00
-2.9067960977794266e-01
-6.6106967159807128e-01
-1.5002663748186520e+00
1.0488262157599593e+00
-6.3514953660483686e-01
-1.9972565157750393e+00
2.6689352359281615e-01
-7.5775200169583345e-01
-6.9421665125872345e-01
-2.1481908249263654e-01
-2.4567878269565097e-02
3.1485541462624811e-01
-9.3160117988242896e-01
4.3514640236162805e-02
-3.1316600669780453e-01
-1.7711028451087890e-01
1.3063690751977611e-01
-7.0869250846652701e-02
2.2901198201074857e-01
1.1001761837983117e+00
-1.6129729578951377e+00
-2.4615427252074645e-01
1.8116254616656757e-01
1.7211646900734062e-01
8.4333342337218609e-01
-4.3285141723614379e-01
1.3063690751977536e-01
4.1638616016799140e-01
1.0639612154087445e-01
2.4196829347633059e-01
5.4913560562721453e-01
-3.8389703912324452e-01
2.3248086559928358e-01
7.3104662264765974e-01
-1.9972565157750342e+00
2.7626726202908947e-01
1.1492075319743860e+00
1.9516460905349786e+00
1.1492075319743871e+00
2.7626726202908602e-01
-1.9972565157750297e+00
2.7626726202908924e-01
-2.5646355851355185e-01
6.7250597902683318e-01
6.7250597902683151e-01
-2.5646355851355218e-01
2.7626726202908913e-01
1.1492075319743886e+00
6.7250597902683151e-01
3.7656409648483966e+00
6.7250597902683262e-01
1.1492075319743851e+00
1.9516460905349757e+00
6.7250597902683329e-01
6.7250597902683307e-01
1.9516460905349784e+00
1.1492075319743871e+00
-2.5646355851355024e-01
1.1492075319743853e+00
2.7626726202909047e-01
2.7626726202908786e-01
-1.9972565157750291e+00
7.3104662264766151e-01
-1.0112083613661747e-01
-4.2063915092304194e-01
-7.1435204833238775e-01
-4.2063915092304421e-01
-1.0112083613661774e-01
7.3104662264765818e-01
-1.0112083613661856e-01
9.3872177560917217e-02
-2.4615427252074631e-01
-2.4615427252074601e-01
9.3872177560915662e-02
-1.0112083613661428e-01
-4.2063915092304449e-01
-2.4615427252074529e-01
-1.3783202546658606e+00
-2.4615427252074756e-01
-4.2063915092303916e-01
-7.1435204833238730e-01
-2.4615427252074637e-01
-2.4615427252074731e-01
-7.1435204833238730e-01
-4.2063915092304166e-01
9.3872177560917078e-02
-4.2063915092304327e-01
-1.0112083613661613e-01
-1.0112083613661722e-01
7.3104662264765907e-01
2.5451817558299026e+00
-8.6020098979707471e-01
6.7120691666624557e-02
5.8689664780521245e-01
1.8966351626991491e+00
2.0702169681700355e+00
-7.2916666666667607e-01
-6.2567237039541967e-01
1.9361839400739969e-01
-3.5690666868770349e-01
4.8387429582670172e-01
8.5558544150185201e-01
-1.1888420799827241e-01
-4.7023093814741429e-01
-4.9494528055560294e-01
6.7250597902683640e-01
4.4067240722041516e+00
-3.0057372314142010e+00
-1.1375881451474601e+00
-3.5690666868770504e-01
1.1825720640173352e+00
-2.3040297603737971e+00
-1.5002663748186520e+00
-6.6106967159806973e-01
-2.9067960977794288e-01
-6.3514953660484097e-01
1.0488262157599522e+00
-1.9972565157750306e+00
-9.3160117988243663e-01
3.1485541462625227e-01
-2.4567878269566516e-02
-2.1481908249263820e-01
-6.9421665125872289e-01
-7.5775200169583135e-01
2.6689352359281437e-01
2.2901198201075243e-01
-7.0869250846656170e-02
1.3063690751977763e-01
-1.7711028451087663e-01
-3.1316600669780392e-01
4.3514640236162243e-02
1.7211646900734137e-01
1.8116254616656710e-01
-2.4615427252074504e-01
-1.6129729578951326e+00
1.1001761837983044e+00
4.1638616016798846e-01
1.3063690751977564e-01
-4.3285141723614373e-01
8.4333342337218364e-01
5.4913560562721231e-01
2.4196829347632784e-01
1.0639612154087448e-01
2.3248086559928471e-01
-3.8389703912324208e-01
7.3104662264765596e-01
9.3333333333333393e+00
-1.7439377089836914e+00
3.7636915480739956e+00
-1.9972565157750288e+00
-4.0394549912407864e+00
3.9310779559725026e+00
5.9533607681755711e+00
-3.8805964584967998e+00
5.1787063380507459e-01
-1.5002663748186480e+00
1.8966351626991431e+00
-1.7489882461082147e+00
1.3199538024917087e+01
-1.7439377089836889e+00
-4.7023093814741129e-01
1.1492075319743797e+00
-3.0057372314142077e+00
3.1922595358656842e+01
2.5451817558298964e+00
6.7120691666620047e-02
-2.9067960977794494e-01
1.4694358710562405e+01
3.7636915480739965e+00
1.1492075319743813e+00
-1.7106922499393098e+00
1.5698345394879138e+00
6.5335921579255302e-02
-1.9972565157750182e+00
-3.4162371019880808e+00
6.3832550410565470e-01
-1.3776067186038683e+00
7.3104662264765896e-01
1.4785431442379806e+00
-1.4388743961429451e+00
-2.1790812790458851e+00
1.4203968856457494e+00
-1.8955380784660217e-01
5.4913560562721075e-01
-6.9421665125872434e-01
6.4017412899599768e-01
-4.8313662353383231e+00
6.3832550410566202e-01
1.7211646900734179e-01
-4.2063915092304488e-01
1.1001761837983022e+00
-1.1684480855999611e+01
-9.3160117988242386e-01
-2.4567878269565024e-02
1.0639612154087175e-01
-5.3785085803869803e+00
-1.3776067186038612e+00
-4.2063915092304621e-01
6.2615682153496277e-01
-5.7459932119081258e-01
-2.3914607077668234e-02
7.3104662264766418e-01
-7.2916666666664887e-01
-4.6316242819787172e+00
-1.9972565157750239e+00
2.9964192708333344e+00
2.5451817558299066e+00
-3.6789815350651534e+00
9.3333333333333339e+00
-2.6317890517832412e+00
9.7081565072018872e-02
5.8689664780521100e-01
-1.1375881451474648e+00
9.7638567386831021e-01
-3.6789815350651414e+00
1.4694358710562431e+01
-2.3040297603738078e+00
1.9516460905349717e+00
-1.1375881451474594e+00
2.5451817558298870e+00
3.0305989583333286e+01
-2.3040297603737976e+00
5.8689664780521544e-01
2.9964192708333246e+00
1.4694358710562399e+01
9.7081565072019718e-02
-1.9972565157750133e+00
-2.6317890517832665e+00
-4.6316242819786897e+00
-7.2916666666661256e-01
2.6689352359283558e-01
1.6952921479890841e+00
7.3104662264767406e-01
-1.0967655735142334e+00
-9.3160117988242352e-01
1.3466007018877213e+00
-3.4162371019880986e+00
9.6330165035443682e-01
-3.5534319055509175e-02
-2.1481908249263923e-01
4.1638616016798602e-01
-3.5738196052699339e-01
1.3466007018877173e+00
-5.3785085803870007e+00
8.4333342337218486e-01
-7.1435204833239063e-01
4.1638616016798891e-01
-9.3160117988242430e-01
-1.1092762074326592e+01
8.4333342337218598e-01
-2.1481908249263351e-01
-1.0967655735142452e+00
-5.3785085803869954e+00
-3.5534319055506497e-02
7.3104662264765852e-01
9.6330165035443971e-01
1.6952921479890748e+00
2.6689352359283181e-01
-1.9972565157750348e+00
-6.3514953660483897e-01
-1.5002663748186515e+00
-1.1375881451474639e+00
-4.7023093814741718e-01
-6.2567237039541956e-01
2.5451817558299044e+00
1.0488262157599559e+00
-6.6106967159806995e-01
-3.5690666868770471e-01
-4.9494528055560044e-01
1.9361839400740274e-01
-8.6020098979707549e-01
-2.9067960977794605e-01
1.1825720640173363e+00
6.7250597902683262e-01
-3.5690666868770571e-01
6.7120691666622170e-02
-2.3040297603737980e+00
4.4067240722041543e+00
4.8387429582669539e-01
5.8689664780521233e-01
-3.0057372314142086e+00
8.5558544150185711e-01
1.8966351626991491e+00
-1.1888420799827529e-01
2.0702169681700178e+00
-7.2916666666667274e-01
7.3104662264765841e-01
2.3248086559928480e-01
5.4913560562721164e-01
4.1638616016798830e-01
1.7211646900734151e-01
2.2901198201075015e-01
-9.3160117988242608e-01
-3.8389703912324397e-01
2.4196829347632964e-01
1.3063690751977539e-01
1.8116254616656643e-01
-7.0869250846653478e-02
3.1485541462624872e-01
1.0639612154087590e-01
-4.3285141723614384e-01
-2.4615427252074826e-01
1.3063690751977577e-01
-2.4567878269565729e-02
8.4333342337218575e-01
-1.6129729578951348e+00
-1.7711028451087940e-01
-2.1481908249263743e-01
1.1001761837983111e+00
-3.1316600669780542e-01
-6.9421665125872123e-01
4.3514640236166462e-02
-7.5775200169582879e-01
2.6689352359281654e-01
2.5451817558298964e+00
-6.2567237039542012e-01
-4.7023093814741657e-01
-1.1375881451474639e+00
-1.5002663748186531e+00
-6.3514953660483742e-01
-1.9972565157750348e+00
-8.6020098979707893e-01
1.9361839400740266e-01
-4.9494528055560094e-01
-3.5690666868770327e-01
-6.6106967159807006e-01
1.0488262157599522e+00
6.7120691666619242e-02
-3.5690666868770399e-01
6.7250597902683418e-01
1.1825720640173345e+00
-2.9067960977794094e-01
5.8689664780521100e-01
4.8387429582669944e-01
4.4067240722041543e+00
-2.3040297603737967e+00
1.8966351626991484e+00
8.5558544150185545e-01
-3.0057372314142072e+00
2.0702169681700280e+00
-1.1888420799827779e-01
-7.2916666666666219e-01
-9.3160117988242996e-01
2.2901198201075185e-01
1.7211646900734348e-01
4.1638616016799257e-01
5.4913560562721508e-01
2.3248086559928627e-01
7.3104662264765896e-01
3.1485541462625050e-01
-7.0869250846653423e-02
1.8116254616656727e-01
1.3063690751977650e-01
2.4196829347632953e-01
-3.8389703912324447e-01
-2.4567878269566103e-02
1.3063690751977716e-01
-2.4615427252074532e-01
-4.3285141723614384e-01
1.0639612154087376e-01
-2.1481908249263826e-01
-1.7711028451087857e-01
-1.6129729578951337e+00
8.4333342337218509e-01
-6.9421665125872378e-01
-3.1316600669780353e-01
1.1001761837983088e+00
-7.5775200169583512e-01
4.3514640236162423e-02
2.6689352359281926e-01
9.3333333333333570e+00
-3.6789815350651645e+00
2.5451817558298937e+00
2.9964192708333321e+00
-1.9972565157750277e+00
-4.6316242819787474e+00
-7.2916666666667673e-01
-3.6789815350651609e+00
9.7638567386831798e-01
-1.1375881451474594e+00
5.8689664780521267e-01
9.7081565072017276e-02
-2.6317890517832456e+00
2.5451817558299092e+00
-1.1375881451474663e+00
1.9516460905349768e+00
-2.3040297603737985e+00
1.4694358710562380e+01
2.9964192708333210e+00
5.8689664780521034e-01
-2.3040297603737967e+00
3.0305989583333329e+01
-1.9972565157750417e+00
9.7081565072022688e-02
1.4694358710562414e+01
-4.6316242819787350e+00
-2.6317890517832709e+00
-7.2916666666664554e-01
-3.4162371019880799e+00
1.3466007018877211e+00
-9.3160117988242730e-01
-1.0967655735142461e+00
7.3104662264766018e-01
1.6952921479890839e+00
2.6689352359282559e-01
1.3466007018877171e+00
-3.5738196052699045e-01
4.1638616016799102e-01
-2.1481908249263615e-01
-3.5534319055514796e-02
9.6330165035445348e-01
-9.3160117988242719e-01
4.1638616016799174e-01
-7.1435204833238886e-01
8.4333342337218209e-01
-5.3785085803869688e+00
-1.0967655735142394e+00
-2.1481908249263873e-01
8.4333342337218720e-01
-1.1092762074326581e+01
7.3104662264767006e-01
-3.5534319055514782e-02
-5.3785085803869892e+00
1.6952921479890946e+00
9.6330165035444115e-01
2.6689352359282759e-01
-1.9972565157750337e+00
1.5698345394879216e+00
3.7636915480740116e+00
2.5451817558299084e+00
-1.7439377089836707e+00
-3.8805964584967940e+00
9.3333333333333428e+00
6.5335921579251832e-02
1.1492075319743920e+00
6.7120691666609694e-02
-4.7023093814741801e-01
5.1787063380507070e-01
-1.7439377089836776e+00
-1.7106922499393180e+00
-2.9067960977794166e-01
1.1492075319743833e+00
-1.5002663748186511e+00
3.7636915480740027e+00
1.4694358710562392e+01
-3.0057372314142059e+00
1.8966351626991520e+00
-1.9972565157750264e+00
3.1922595358656903e+01
-1.7489882461082273e+00
-4.0394549912407607e+00
1.3199538024917166e+01
3.9310779559725408e+00
5.9533607681756102e+00
7.3104662264766729e-01
-5.7459932119082768e-01
-1.3776067186038645e+00
-9.3160117988242186e-01
6.3832550410566580e-01
1.4203968856457536e+00
-3.4162371019880893e+00
-2.3914607077668674e-02
-4.2063915092303872e-01
-2.4567878269569361e-02
1.7211646900733540e-01
-1.8955380784660400e-01
6.3832550410565791e-01
6.2615682153494201e-01
1.0639612154088116e-01
-4.2063915092304766e-01
5.4913560562721453e-01
-1.3776067186038734e+00
-5.3785085803870221e+00
1.1001761837983151e+00
-6.9421665125871979e-01
7.3104662264765585e-01
-1.1684480855999682e+01
6.4017412899600235e-01
1.4785431442379782e+00
-4.8313662353383586e+00
-1.4388743961429513e+00
-2.1790812790459122e+00
2.5451817558299057e+00
1.0701514990610521e-01
5.1787063380506948e-01
9.7638567386831177e-01
5.1787063380506992e-01
1.0701514990610425e-01
2.5451817558298999e+00
-4.2156620109581611e-01
4.5746548174856266e-01
1.9361839400740224e-01
1.9361839400740150e-01
4.5746548174856116e-01
-4.2156620109581844e-01
1.1492075319743909e+00
-6.6106967159807017e-01
-2.5646355851355140e-01
-6.6106967159806773e-01
1.1492075319743789e+00
9.7081565072014833e-02
8.5558544150185545e-01
8.5558544150185400e-01
9.7081565072014209e-02
-1.7489882461082256e+00
5.3578303568152368e+00
-1.7489882461082200e+00
-4.1398577629766313e+00
-4.1398577629766091e+00
5.9533607681755791e+00
-9.3160117988242996e-01
-3.9170263455433257e-02
-1.8955380784660203e-01
-3.5738196052699128e-01
-1.8955380784660381e-01
-3.9170263455433924e-02
-9.3160117988242963e-01
1.5430393897796912e-01
-1.6744398767445906e-01
-7.0869250846653256e-02
-7.0869250846653173e-02
-1.6744398767446045e-01
1.5430393897796993e-01
-4.2063915092304266e-01
2.4196829347633111e-01
9.3872177560916828e-02
2.4196829347633017e-01
-4.2063915092304371e-01
-3.5534319055507753e-02
-3.1316600669780587e-01
-3.1316600669780492e-01
-3.5534319055511972e-02
6.4017412899600268e-01
-1.9611020197618259e+00
6.4017412899600001e-01
1.5152931093036659e+00
1.5152931093036632e+00
-2.1790812790459086e+00
9.3333333333333250e+00
-3.8805964584967909e+00
-1.7439377089836794e+00
2.5451817558299035e+00
3.7636915480740099e+00
1.5698345394879116e+00
-1.9972565157750461e+00
-1.7439377089836836e+00
5.1787063380507181e-01
-4.7023093814741174e-01
6.7120691666617535e-02
1.1492075319743826e+00
6.5335921579263406e-02
3.7636915480740076e+00
-1.5002663748186513e+00
1.1492075319743846e+00
-2.9067960977794161e-01
-1.7106922499393238e+00
-1.9972565157750404e+00
1.8966351626991480e+00
-3.0057372314142121e+00
1.4694358710562415e+01
-4.0394549912407944e+00
-1.7489882461082169e+00
3.1922595358656881e+01
3.9310779559725337e+00
1.3199538024917070e+01
5.9533607681755960e+00
-3.4162371019880915e+00
1.4203968856457552e+00
6.3832550410566258e-01
-9.3160117988243185e-01
-1.3776067186038699e+00
-5.7459932119082313e-01
7.3104662264765197e-01
6.3832550410566224e-01
-1.8955380784660694e-01
1.7211646900734381e-01
-2.4567878269561048e-02
-4.2063915092304366e-01
-2.3914607077663824e-02
-1.3776067186038696e+00
5.4913560562721253e-01
-4.2063915092304482e-01
1.0639612154087477e-01
6.2615682153495889e-01
7.3104662264765963e-01
-6.9421665125872445e-01
1.1001761837983051e+00
-5.3785085803869901e+00
1.4785431442379757e+00
6.4017412899599824e-01
-1.1684480855999652e+01
-1.4388743961429526e+00
-4.8313662353383471e+00
-2.1790812790459020e+00
2.5451817558299075e+00
6.0576985314162268e-01
-1.7439377089836874e+00
-3.6789815350651587e+00
-3.8805964584967994e+00
-4.2562607968535587e-01
9.3333333333333428e+00
4.6641231840646241e-01
-4.2156620109581450e-01
-8.6020098979708171e-01
-6.2567237039541812e-01
1.0701514990610837e-01
6.0576985314162113e-01
6.5335921579242714e-02
1.0488262157599577e+00
2.7626726202908625e-01
-6.3514953660483897e-01
1.5698345394879347e+00
-2.6317890517832625e+00
-1.1888420799827570e-01
2.0702169681700262e+00
-4.6316242819787101e+00
1.3199538024917159e+01
-4.1398577629766313e+00
3.9310779559725493e+00
4.0267909803545898e+01
3.1315740316628422e+00
-1.7201731824416960e+01
-9.3160117988243041e-01
-2.2172715509660737e-01
6.3832550410566335e-01
1.3466007018877195e+00
1.4203968856457554e+00
1.5578995767801632e-01
-3.4162371019880946e+00
-1.7071875717476198e-01
1.5430393897796724e-01
3.1485541462624861e-01
2.2901198201074824e-01
-3.9170263455432688e-02
-2.2172715509660490e-01
-2.3914607077680582e-02
-3.8389703912324297e-01
-1.0112083613662237e-01
2.3248086559928713e-01
-5.7459932119082435e-01
9.6330165035442783e-01
4.3514640236166018e-02
-7.5775200169583545e-01
1.6952921479890855e+00
-4.8313662353383702e+00
1.5152931093036652e+00
-1.4388743961429564e+00
-1.4739077945398273e+01
-1.1462356494202661e+00
6.2962708368238696e+00
9.3333333333332824e+00
-4.2562607968535698e-01
-3.8805964584967909e+00
-3.6789815350651427e+00
-1.7439377089836765e+00
6.0576985314162968e-01
2.5451817558299017e+00
6.0576985314161591e-01
1.0701514990610811e-01
-6.2567237039541690e-01
-8.6020098979707960e-01
-4.2156620109581716e-01
4.6641231840645525e-01
1.5698345394879096e+00
-6.3514953660483220e-01
2.7626726202908597e-01
1.0488262157599493e+00
6.5335921579268444e-02
-4.6316242819787217e+00
2.0702169681700258e+00
-1.1888420799828402e-01
-2.6317890517832403e+00
3.9310779559725058e+00
-4.1398577629766056e+00
1.3199538024917105e+01
3.1315740316628444e+00
4.0267909803545727e+01
-1.7201731824416985e+01
-3.4162371019880853e+00
1.5578995767801401e-01
1.4203968856457474e+00
1.3466007018877173e+00
6.3832550410566868e-01
-2.2172715509659965e-01
-9.3160117988242430e-01
-2.2172715509659416e-01
-3.9170263455435242e-02
2.2901198201075196e-01
3.1485541462624989e-01
1.5430393897797209e-01
-1.7071875717477022e-01
-5.7459932119081736e-01
2.3248086559928299e-01
-1.0112083613661980e-01
-3.8389703912324091e-01
-2.3914607077687090e-02
1.6952921479890679e+00
-7.5775200169582890e-01
4.3514640236157691e-02
9.6330165035443893e-01
-1.4388743961429613e+00
1.5152931093036610e+00
-4.8313662353383249e+00
-1.1462356494202612e+00
-1.4739077945398213e+01
6.2962708368238678e+00
9.3333333333333286e+00
9.3333333333333517e+00
9.3333333333333535e+00
9.3333333333333606e+00
9.3333333333333499e+00
9.3333333333333286e+00
9.3333333333333410e+00
2.5451817558298897e+00
2.5451817558298995e+00
2.5451817558298946e+00
2.5451817558298955e+00
2.5451817558299004e+00
2.5451817558298893e+00
-1.9972565157750304e+00
-1.9972565157750271e+00
-1.9972565157750257e+00
-1.9972565157750284e+00
-1.9972565157750533e+00
-7.2916666666665386e-01
-7.2916666666666485e-01
-7.2916666666666607e-01
-7.2916666666667385e-01
5.9533607681755871e+00
5.9533607681755747e+00
5.9533607681755853e+00
-1.7201731824417003e+01
-1.7201731824416974e+01
2.6133333333333314e+02
-3.4162371019881115e+00
-3.4162371019881013e+00
-3.4162371019880933e+00
-3.4162371019881008e+00
-3.4162371019881017e+00
-3.4162371019881084e+00
-3.4162371019881204e+00
-9.3160117988242908e-01
-9.3160117988242275e-01
-9.3160117988243052e-01
-9.3160117988242863e-01
-9.3160117988242730e-01
-9.3160117988241964e-01
7.3104662264765208e-01
7.3104662264766451e-01
7.3104662264765974e-01
7.3104662264765896e-01
7.3104662264765585e-01
2.6689352359281582e-01
2.6689352359282204e-01
2.6689352359281532e-01
2.6689352359282698e-01
-2.1790812790459211e+00
-2.1790812790459149e+00
-2.1790812790459029e+00
6.2962708368238554e+00
6.2962708368238687e+00
-9.5654638855666775e+01
3.5698797218900000e+02
-2.3498002661240797e+01
8.1324420472215451e+00
-9.9606019025937664e-01
-2.7283031384224872e+00
3.4767829357124573e+00
1.2749570435321539e+01
-2.3498002661240783e+01
8.1324420472214385e+00
-9.9606019025941628e-01
-2.7283031384226688e+00
3.4767829357123712e+00
1.2749570435321182e+01
8.1324420472215042e+00
-9.9606019025941006e-01
-2.7283031384226852e+00
3.4767829357123472e+00
1.2749570435321189e+01
-9.9606019025953774e-01
-2.7283031384227030e+00
3.4767829357121380e+00
1.2749570435321514e+01
-2.7283031384227998e+00
3.4767829357121696e+00
1.2749570435321724e+01
3.4767829357122899e+00
1.2749570435321532e+01
1.2749570435321388e+01
2.6133333333333331e+02
-1.7201731824416999e+01
5.9533607681756910e+00
-7.2916666666658447e-01
-1.9972565157749638e+00
2.5451817558299723e+00
9.3333333333332824e+00
-1.7201731824416939e+01
5.9533607681755054e+00
-7.2916666666662833e-01
-1.9972565157750817e+00
2.5451817558299008e+00
9.3333333333332238e+00
5.9533607681755809e+00
-7.2916666666668628e-01
-1.9972565157750246e+00
2.5451817558299155e+00
9.3333333333332362e+00
-7.2916666666664465e-01
-1.9972565157750886e+00
2.5451817558296579e+00
9.3333333333334476e+00
-1.9972565157750863e+00
2.5451817558297076e+00
9.3333333333335027e+00
2.5451817558298382e+00
9.3333333333333783e+00
9.3333333333333073e+00
-2.3498002661240857e+01
5.5006987748944127e+01
1.8030904260255539e+01
-3.5950907021376510e+00
8.9250528656985462e-02
6.3713107558124482e-01
3.4767829357124205e+00
4.2778096810830597e+00
-5.6551508722802488e+00
-1.6239884823442927e-01
1.4327232548831970e+00
-5.7587014007378556e-01
8.2749700823823158e-01
5.3699523521154768e+00
2.8279689698659132e+00
3.7738809816573682e-01
-1.1750564044233422e+00
-2.3822632130893098e+00
-6.3269164299677900e+00
-8.6763040220410037e-01
-8.5468435240617913e-01
-5.0255822369528493e+00
2.1444338606787410e+00
1.4618541336153759e-01
-5.3009933441425305e+00
8.2749700823823735e-01
-5.8141603736337355e-01
1.2749570435321393e+01
-1.7201731824416999e+01
4.0267909803545891e+01
1.3199538024917178e+01
-2.6317890517832390e+00
6.5335921579293410e-02
4.6641231840647313e-01
2.5451817558299763e+00
3.1315740316628071e+00
-4.1398577629765780e+00
-1.1888420799827519e-01
1.0488262157599699e+00
-4.2156620109581916e-01
6.0576985314163168e-01
3.9310779559725293e+00
2.0702169681700555e+00
2.7626726202910107e-01
-8.6020098979708814e-01
-1.7439377089836698e+00
-4.6316242819787261e+00
-6.3514953660483031e-01
-6.2567237039542034e-01
-3.6789815350651565e+00
1.5698345394879201e+00
1.0701514990610411e-01
-3.8805964584967976e+00
6.0576985314163290e-01
-4.2562607968535682e-01
9.3333333333333250e+00
8.1324420472215042e+00
1.8030904260255507e+01
4.3607076214656601e+01
2.0072867290949439e+01
-2.3368490714742056e+00
8.9250528656959441e-02
-2.7283031384226608e+00
5.3699523521154937e+00
-2.3891623751042159e+00
-4.1059134152125161e+00
-3.9707573131882529e-01
1.5698466828974302e+00
2.1444338606787383e+00
-5.5179981354787655e+00
2.5908518139578849e+00
1.5698466828974362e+00
9.1688569936188763e-02
5.1412982666778664e+00
-2.7283031384226839e+00
-2.0494019804458619e+00
-6.4234740715476157e-01
3.4767829357123294e+00
5.1412982666778744e+00
7.0742444165167095e-01
-2.3822632130893395e+00
-2.3822632130893617e+00
-5.3009933441425403e+00
1.2749570435321445e+01
5.9533607681756084e+00
1.3199538024917144e+01
3.1922595358656949e+01
1.4694358710562422e+01
-1.7106922499392845e+00
6.5335921579272052e-02
-1.9972565157750128e+00
3.9310779559725262e+00
-1.7489882461082162e+00
-3.0057372314142103e+00
-2.9067960977795015e-01
1.1492075319743869e+00
1.5698345394879223e+00
-4.0394549912407980e+00
1.8966351626991564e+00
1.1492075319743853e+00
6.7120691666620408e-02
3.7636915480740085e+00
-1.9972565157750302e+00
-1.5002663748186515e+00
-4.7023093814742106e-01
2.5451817558299110e+00
3.7636915480740063e+00
5.1787063380506715e-01
-1.7439377089836754e+00
-1.7439377089836985e+00
-3.8805964584967860e+00
9.3333333333333499e+00
-9.9606019025950143e-01
-3.5950907021376297e+00
2.0072867290949461e+01
4.1398751657659957e+01
2.0072867290949453e+01
-3.5950907021376803e+00
-9.9606019025945347e-01
-6.3269164299677971e+00
1.3261588412751524e-01
-3.1473631837459921e+00
-3.1473631837459854e+00
1.3261588412751790e-01
-6.3269164299677794e+00
-2.7283031384226892e+00
8.0171573029785037e-01
2.6659981388673657e+00
8.0171573029785215e-01
-2.7283031384227003e+00
4.0931848443475518e+00
-1.5539743053154562e+00
-1.5539743053154556e+00
4.0931848443475500e+00
3.4767829357123281e+00
1.3337676343953064e+00
3.4767829357123134e+00
-5.0255822369528715e+00
-5.0255822369528627e+00
1.2749570435321466e+01
-7.2916666666665819e-01
-2.6317890517832252e+00
1.4694358710562444e+01
3.0305989583333353e+01
1.4694358710562442e+01
-2.6317890517832483e+00
-7.2916666666665986e-01
-4.6316242819787385e+00
9.7081565072013723e-02
-2.3040297603738038e+00
-2.3040297603737980e+00
9.7081565072011086e-02
-4.6316242819787057e+00
-1.9972565157750410e+00
5.8689664780521533e-01
1.9516460905349819e+00
5.8689664780521589e-01
-1.9972565157750248e+00
2.9964192708333175e+00
-1.1375881451474634e+00
-1.1375881451474628e+00
2.9964192708333335e+00
2.5451817558298977e+00
9.7638567386831754e-01
2.5451817558298990e+00
-3.6789815350651680e+00
-3.6789815350651516e+00
9.3333333333333730e+00
-2.7283031384226861e+00
8.9250528656992317e-02
-2.3368490714741856e+00
2.0072867290949475e+01
4.3607076214656580e+01
1.8030904260255518e+01
8.1324420472215557e+00
2.1444338606787579e+00
1.5698466828974167e+00
-3.9707573131883062e-01
-4.1059134152125356e+00
-2.3891623751042239e+00
5.3699523521154777e+00
5.1412982666778841e+00
9.1688569936187361e-02
1.5698466828974280e+00
2.5908518139578653e+00
-5.5179981354787655e+00
3.4767829357123130e+00
-6.4234740715475547e-01
-2.0494019804458965e+00
-2.7283031384226790e+00
-2.3822632130893484e+00
7.0742444165167673e-01
5.1412982666778921e+00
-5.3009933441425536e+00
-2.3822632130893533e+00
1.2749570435321468e+01
-1.9972565157750244e+00
6.5335921579302736e-02
-1.7106922499392663e+00
1.4694358710562444e+01
3.1922595358656917e+01
1.3199538024917166e+01
5.9533607681756049e+00
1.5698345394879227e+00
1.1492075319743724e+00
-2.9067960977794943e-01
-3.0057372314142126e+00
-1.7489882461082240e+00
3.9310779559725537e+00
3.7636915480740059e+00
6.7120691666614912e-02
1.1492075319743824e+00
1.8966351626991527e+00
-4.0394549912407838e+00
2.5451817558298870e+00
-4.7023093814741523e-01
-1.5002663748186706e+00
-1.9972565157750282e+00
-1.7439377089836927e+00
5.1787063380507514e-01
3.7636915480740090e+00
-3.8805964584968180e+00
-1.7439377089836965e+00
9.3333333333333766e+00
3.4767829357124191e+00
6.3713107558125615e-01
8.9250528656950615e-02
-3.5950907021376990e+00
1.8030904260255504e+01
5.5006987748944113e+01
-2.3498002661240854e+01
8.2749700823822536e-01
-5.7587014007378279e-01
1.4327232548831998e+00
-1.6239884823443690e-01
-5.6551508722802915e+00
4.2778096810830819e+00
-2.3822632130893351e+00
-1.1750564044233305e+00
3.7738809816570518e-01
2.8279689698658621e+00
5.3699523521154964e+00
-5.0255822369528635e+00
-8.5468435240617202e-01
-8.6763040220411114e-01
-6.3269164299677820e+00
-5.3009933441425439e+00
1.4618541336154367e-01
2.1444338606787414e+00
-5.8141603736337644e-01
8.2749700823821526e-01
1.2749570435321436e+01
2.5451817558299510e+00
4.6641231840649394e-01
6.5335921579267209e-02
-2.6317890517832718e+00
1.3199538024917148e+01
4.0267909803545869e+01
-1.7201731824417006e+01
6.0576985314162457e-01
-4.2156620109581822e-01
1.0488262157599579e+00
-1.1888420799826824e-01
-4.1398577629766242e+00
3.1315740316628542e+00
-1.7439377089836834e+00
-8.6020098979707782e-01
2.7626726202909357e-01
2.0702169681700329e+00
3.9310779559725337e+00
-3.6789815350651560e+00
-6.2567237039542090e-01
-6.3514953660483375e-01
-4.6316242819787252e+00
-3.8805964584967967e+00
1.0701514990610049e-01
1.5698345394879214e+00
-4.2562607968535654e-01
6.0576985314162435e-01
9.3333333333333393e+00
1.2749570435321397e+01
3.4767829357124516e+00
-2.7283031384225525e+00
-9.9606019025931702e-01
8.1324420472216712e+00
-2.3498002661240807e+01
3.5698797218900052e+02
1.2749570435321544e+01
3.4767829357122375e+00
-2.7283031384227141e+00
-9.9606019025952730e-01
8.1324420472216055e+00
-2.3498002661241038e+01
1.2749570435321457e+01
3.4767829357123610e+00
-2.7283031384227003e+00
-9.9606019025953696e-01
8.1324420472214278e+00
1.2749570435321340e+01
3.4767829357123645e+00
-2.7283031384230076e+00
-9.9606019025924031e-01
1.2749570435321276e+01
3.4767829357122348e+00
-2.7283031384222558e+00
1.2749570435321452e+01
3.4767829357124440e+00
1.2749570435321393e+01
9.3333333333334370e+00
2.5451817558299532e+00
-1.9972565157750286e+00
-7.2916666666665808e-01
5.9533607681756138e+00
-1.7201731824416999e+01
2.6133333333333371e+02
9.3333333333333588e+00
2.5451817558298875e+00
-1.9972565157750488e+00
-7.2916666666668628e-01
5.9533607681756635e+00
-1.7201731824417163e+01
9.3333333333333641e+00
2.5451817558298777e+00
-1.9972565157751343e+00
-7.2916666666670704e-01
5.9533607681754797e+00
9.3333333333332416e+00
2.5451817558298950e+00
-1.9972565157751934e+00
-7.2916666666656293e-01
9.3333333333332344e+00
2.5451817558298817e+00
-1.9972565157748041e+00
9.3333333333333588e+00
2.5451817558299665e+00
9.3333333333333695e+00
-2.3498002661240832e+01
4.2778096810830810e+00
5.3699523521155097e+00
-6.3269164299678273e+00
2.1444338606787237e+00
8.2749700823823202e-01
1.2749570435321450e+01
5.5006987748944212e+01
-5.6551508722802861e+00
2.8279689698658736e+00
-8.6763040220412257e-01
1.4618541336154278e-01
-5.8141603736336389e-01
1.8030904260255529e+01
-1.6239884823444775e-01
3.7738809816570446e-01
-8.5468435240618157e-01
-5.3009933441425137e+00
-3.5950907021376648e+00
1.4327232548831965e+00
-1.1750564044233403e+00
-5.0255822369528440e+00
8.9250528656952488e-02
-5.7587014007377868e-01
-2.3822632130893391e+00
6.3713107558120674e-01
8.2749700823820560e-01
3.4767829357123521e+00
-1.7201731824416992e+01
3.1315740316628502e+00
3.9310779559725262e+00
-4.6316242819787616e+00
1.5698345394878983e+00
6.0576985314162646e-01
9.3333333333333606e+00
4.0267909803545976e+01
-4.1398577629766429e+00
2.0702169681700338e+00
-6.3514953660484852e-01
1.0701514990610840e-01
-4.2562607968535671e-01
1.3199538024917183e+01
-1.1888420799828456e-01
2.7626726202908058e-01
-6.2567237039542700e-01
-3.8805964584967843e+00
-2.6317890517832443e+00
1.0488262157599550e+00
-8.6020098979708237e-01
-3.6789815350651520e+00
6.5335921579271969e-02
-4.2156620109581011e-01
-1.7439377089836938e+00
4.6641231840645997e-01
6.0576985314161058e-01
2.5451817558299052e+00
8.1324420472214616e+00
-5.6551508722802843e+00
-2.3891623751042235e+00
1.3261588412752759e-01
1.5698466828974313e+00
-5.7587014007378234e-01
3.4767829357123254e+00
-5.6551508722802879e+00
7.3189323765770578e+00
1.1687514481996555e+00
-9.0303796507440015e-01
6.2490946942302195e-01
1.4618541336153265e-01
-2.3891623751042221e+00
1.1687514481996573e+00
-3.5033573607446755e-01
2.6448764485405851e-01
7.0742444165166296e-01
1.3261588412752048e-01
-9.0303796507439937e-01
2.6448764485405252e-01
1.3337676343953040e+00
1.5698466828974191e+00
6.2490946942301762e-01
7.0742444165167917e-01
-5.7587014007378523e-01
1.4618541336153765e-01
3.4767829357123254e+00
5.9533607681755711e+00
-4.1398577629766269e+00
-1.7489882461082262e+00
9.7081565072018303e-02
1.1492075319743891e+00
-4.2156620109581300e-01
2.5451817558298986e+00
-4.1398577629766278e+00
5.3578303568152394e+00
8.5558544150185334e-01
-6.6106967159807306e-01
4.5746548174856116e-01
1.0701514990610145e-01
-1.7489882461082240e+00
8.5558544150185456e-01
-2.5646355851355213e-01
1.9361839400740352e-01
5.1787063380506559e-01
9.7081565072013293e-02
-6.6106967159807029e-01
1.9361839400739769e-01
9.7638567386831676e-01
1.1492075319743809e+00
4.5746548174855883e-01
5.1787063380507592e-01
-4.2156620109581766e-01
1.0701514990610510e-01
2.5451817558299017e+00
-9.9606019025947556e-01
-1.6239884823444564e-01
-4.1059134152125205e+00
-3.1473631837459886e+00
-3.9707573131882734e-01
1.4327232548831970e+00
-2.7283031384226959e+00
2.8279689698658625e+00
1.1687514481996581e+00
6.0196970300992900e+00
1.6154234812534785e+00
-9.0303796507440182e-01
-8.6763040220411980e-01
2.5908518139578725e+00
6.6098458033757668e-01
9.1866025154758091e-01
-4.8754357620748118e-01
-2.0494019804458583e+00
8.0171573029784793e-01
-4.8754357620747946e-01
-6.7610782672216563e-01
-1.5539743053154518e+00
9.1688569936181644e-02
2.6448764485405601e-01
-6.4234740715475647e-01
-1.1750564044233307e+00
-8.5468435240616869e-01
3.4767829357123290e+00
-7.2916666666666263e-01
-1.1888420799828013e-01
-3.0057372314142152e+00
-2.3040297603738038e+00
-2.9067960977794816e-01
1.0488262157599553e+00
-1.9972565157750342e+00
2.0702169681700333e+00
8.5558544150185456e-01
4.4067240722041587e+00
1.1825720640173356e+00
-6.6106967159807162e-01
-6.3514953660483853e-01
1.8966351626991540e+00
4.8387429582669916e-01
6.7250597902683507e-01
-3.5690666868770526e-01
-1.5002663748186487e+00
5.8689664780521356e-01
-3.5690666868770410e-01
-4.9494528055560094e-01
-1.1375881451474634e+00
6.7120691666618340e-02
1.9361839400740211e-01
-4.7023093814741529e-01
-8.6020098979707982e-01
-6.2567237039541923e-01
2.5451817558299008e+00
-2.7283031384226901e+00
1.4327232548831932e+00
-3.9707573131882984e-01
-3.1473631837459899e+00
-4.1059134152125232e+00
-1.6239884823444548e-01
-9.9606019025949177e-01
-8.6763040220413079e-01
-9.0303796507439871e-01
1.6154234812534798e+00
6.0196970300992865e+00
1.1687514481996584e+00
2.8279689698658537e+00
-2.0494019804458685e+00
-4.8754357620748157e-01
9.1866025154757747e-01
6.6098458033757912e-01
2.5908518139578680e+00
-1.5539743053154473e+00
-6.7610782672216918e-01
-4.8754357620747668e-01
8.0171573029784304e-01
-6.4234740715475369e-01
2.6448764485405674e-01
9.1688569936174955e-02
-8.5468435240617024e-01
-1.1750564044233294e+00
3.4767829357123259e+00
-1.9972565157750324e+00
1.0488262157599531e+00
-2.9067960977795032e-01
-2.3040297603738047e+00
-3.0057372314142139e+00
-1.1888420799828199e-01
-7.2916666666666785e-01
-6.3514953660484341e-01
-6.6106967159806984e-01
1.1825720640173367e+00
4.4067240722041570e+00
8.5558544150185534e-01
2.0702169681700262e+00
-1.5002663748186555e+00
-3.5690666868770576e-01
6.7250597902683085e-01
4.8387429582669977e-01
1.8966351626991476e+00
-1.1375881451474612e+00
-4.9494528055560238e-01
-3.5690666868770377e-01
5.8689664780520945e-01
-4.7023093814741396e-01
1.9361839400740252e-01
6.7120691666615717e-02
-6.2567237039542012e-01
-8.6020098979707793e-01
2.5451817558299021e+00
3.4767829357123334e+00
-5.7587014007378501e-01
1.5698466828974331e+00
1.3261588412752467e-01
-2.3891623751042208e+00
-5.6551508722802861e+00
8.1324420472214829e+00
1.4618541336153623e-01
6.2490946942302006e-01
-9.0303796507439971e-01
1.1687514481996619e+00
7.3189323765770666e+00
-5.6551508722802639e+00
7.0742444165167162e-01
2.6448764485405696e-01
-3.5033573607446528e-01
1.1687514481996579e+00
-2.3891623751042146e+00
1.3337676343953011e+00
2.6448764485405440e-01
-9.0303796507440304e-01
1.3261588412752745e-01
7.0742444165167373e-01
6.2490946942301906e-01
1.5698466828974333e+00
1.4618541336154500e-01
-5.7587014007378357e-01
3.4767829357123254e+00
2.5451817558299057e+00
-4.2156620109581849e-01
1.1492075319743864e+00
9.7081565072012821e-02
-1.7489882461082249e+00
-4.1398577629766233e+00
5.9533607681755818e+00
1.0701514990610005e-01
4.5746548174856122e-01
-6.6106967159807051e-01
8.5558544150185778e-01
5.3578303568152439e+00
-4.1398577629766153e+00
5.1787063380506859e-01
1.9361839400740158e-01
-2.5646355851355224e-01
8.5558544150185345e-01
-1.7489882461082178e+00
9.7638567386831165e-01
1.9361839400740119e-01
-6.6106967159807128e-01
9.7081565072018788e-02
5.1787063380507004e-01
4.5746548174855967e-01
1.1492075319743877e+00
1.0701514990610915e-01
-4.2156620109581727e-01
2.5451817558299012e+00
1.2749570435321383e+01
8.2749700823819738e-01
2.1444338606787352e+00
-6.3269164299677740e+00
5.3699523521154910e+00
4.2778096810830792e+00
-2.3498002661240889e+01
-5.8141603736337666e-01
1.4618541336154930e-01
-8.6763040220412135e-01
2.8279689698658563e+00
-5.6551508722802719e+00
5.5006987748943963e+01
-5.3009933441425394e+00
-8.5468435240616292e-01
3.7738809816571262e-01
-1.6239884823444670e-01
1.8030904260255447e+01
-5.0255822369528484e+00
-1.1750564044233207e+00
1.4327232548831841e+00
-3.5950907021376368e+00
-2.3822632130893595e+00
-5.7587014007378945e-01
8.9250528656972555e-02
8.2749700823818084e-01
6.3713107558121695e-01
3.4767829357123357e+00
9.3333333333332931e+00
6.0576985314161980e-01
1.5698345394879207e+00
-4.6316242819787172e+00
3.9310779559725355e+00
3.1315740316628289e+00
-1.7201731824417024e+01
-4.2562607968535043e-01
1.0701514990610610e-01
-6.3514953660483697e-01
2.0702169681700333e+00
-4.1398577629766189e+00
4.0267909803545820e+01
-3.8805964584967967e+00
-6.2567237039541201e-01
2.7626726202909618e-01
-1.1888420799828045e-01
1.3199538024917112e+01
-3.6789815350651454e+00
-8.6020098979707482e-01
1.0488262157599457e+00
-2.6317890517832492e+00
-1.7439377089836923e+00
-4.2156620109582188e-01
6.5335921579269318e-02
6.0576985314159382e-01
4.6641231840646602e-01
2.5451817558298999e+00
8.1324420472214705e+00
5.3699523521154910e+00
-5.5179981354787495e+00
-2.7283031384226688e+00
5.1412982666778939e+00
-2.3822632130893355e+00
1.2749570435321450e+01
1.8030904260255529e+01
-2.3891623751042101e+00
2.5908518139578871e+00
-2.0494019804458685e+00
7.0742444165167195e-01
-5.3009933441425519e+00
4.3607076214656601e+01
-4.1059134152125090e+00
1.5698466828974358e+00
-6.4234740715475547e-01
-2.3822632130893804e+00
2.0072867290949368e+01
-3.9707573131881624e-01
9.1688569936167794e-02
3.4767829357123201e+00
-2.3368490714742887e+00
1.5698466828974256e+00
5.1412982666778939e+00
8.9250528656920333e-02
2.1444338606787485e+00
-2.7283031384226741e+00
5.9533607681755623e+00
3.9310779559725426e+00
-4.0394549912407918e+00
-1.9972565157750346e+00
3.7636915480740076e+00
-1.7439377089836763e+00
9.3333333333333588e+00
1.3199538024917180e+01
-1.7489882461082287e+00
1.8966351626991551e+00
-1.5002663748186582e+00
5.1787063380506593e-01
-3.8805964584968029e+00
3.1922595358656981e+01
-3.0057372314142281e+00
1.1492075319743877e+00
-4.7023093814741318e-01
-1.7439377089836954e+00
1.4694358710562419e+01
-2.9067960977794549e-01
6.7120691666613871e-02
2.5451817558299084e+00
-1.7106922499393196e+00
1.1492075319743860e+00
3.7636915480740112e+00
6.5335921579249903e-02
1.5698345394879065e+00
-1.9972565157750208e+00
-9.9606019025947667e-01
2.8279689698658634e+00
2.5908518139578751e+00
8.0171573029784837e-01
9.1688569936185252e-02
-1.1750564044233249e+00
3.4767829357123432e+00
-1.6239884823444320e-01
1.1687514481996555e+00
6.6098458033757634e-01
-4.8754357620747718e-01
2.6448764485405823e-01
-8.5468435240616425e-01
-4.1059134152125232e+00
6.0196970300992954e+00
9.1866025154758013e-01
-6.7610782672217196e-01
-6.4234740715474448e-01
-3.1473631837459788e+00
1.6154234812534811e+00
-4.8754357620748445e-01
-1.5539743053154456e+00
-3.9707573131881529e-01
-9.0303796507440126e-01
-2.0494019804458588e+00
1.4327232548832056e+00
-8.6763040220411891e-01
-2.7283031384226981e+00
-7.2916666666665841e-01
2.0702169681700284e+00
1.8966351626991456e+00
5.8689664780521078e-01
6.7120691666622032e-02
-8.6020098979707516e-01
2.5451817558299119e+00
-1.1888420799828107e-01
8.5558544150185645e-01
4.8387429582669861e-01
-3.5690666868770515e-01
1.9361839400740327e-01
-6.2567237039541801e-01
-3.0057372314142197e+00
4.4067240722041650e+00
6.7250597902683096e-01
-4.9494528055560377e-01
-4.7023093814741096e-01
-2.3040297603738025e+00
1.1825720640173385e+00
-3.5690666868770732e-01
-1.1375881451474625e+00
-2.9067960977794444e-01
-6.6106967159807140e-01
-1.5002663748186502e+00
1.0488262157599610e+00
-6.3514953660483464e-01
-1.9972565157750402e+00
-2.7283031384227043e+00
3.7738809816571228e-01
1.5698466828974345e+00
2.6659981388673688e+00
1.5698466828974300e+00
3.7738809816570440e-01
-2.7283031384226941e+00
3.7738809816571112e-01
-3.5033573607447005e-01
9.1866025154758124e-01
9.1866025154758080e-01
-3.5033573607446855e-01
3.7738809816570834e-01
1.5698466828974269e+00
9.1866025154758046e-01
5.1439612195142601e+00
9.1866025154758191e-01
1.5698466828974194e+00
2.6659981388673564e+00
9.1866025154758058e-01
9.1866025154758224e-01
2.6659981388673502e+00
1.5698466828974265e+00
-3.5033573607446578e-01
1.5698466828974147e+00
3.7738809816570484e-01
3.7738809816570218e-01
-2.7283031384226857e+00
-1.9972565157750373e+00
2.7626726202909047e-01
1.1492075319743882e+00
1.9516460905349815e+00
1.1492075319743869e+00
2.7626726202908519e-01
-1.9972565157750339e+00
2.7626726202908863e-01
-2.5646355851355040e-01
6.7250597902683407e-01
6.7250597902683262e-01
-2.5646355851355157e-01
2.7626726202909030e-01
1.1492075319743862e+00
6.7250597902683462e-01
3.7656409648484011e+00
6.7250597902683418e-01
1.1492075319743840e+00
1.9516460905349751e+00
6.7250597902683473e-01
6.7250597902683595e-01
1.9516460905349753e+00
1.1492075319743871e+00
-2.5646355851354924e-01
1.1492075319743813e+00
2.7626726202908852e-01
2.7626726202908641e-01
-1.9972565157750291e+00
3.4767829357123445e+00
-1.1750564044233280e+00
9.1688569936191136e-02
8.0171573029785048e-01
2.5908518139578707e+00
2.8279689698658670e+00
-9.9606019025949100e-01
-8.5468435240617358e-01
2.6448764485405424e-01
-4.8754357620748173e-01
6.6098458033758190e-01
1.1687514481996564e+00
-1.6239884823443149e-01
-6.4234740715475225e-01
-6.7610782672217273e-01
9.1866025154758357e-01
6.0196970300992865e+00
-4.1059134152124983e+00
-1.5539743053154462e+00
-4.8754357620748157e-01
1.6154234812534778e+00
-3.1473631837459655e+00
-2.0494019804458623e+00
-9.0303796507439971e-01
-3.9707573131880181e-01
-8.6763040220412146e-01
1.4327232548831994e+00
-2.7283031384226919e+00
2.5451817558299066e+00
-8.6020098979707516e-01
6.7120691666624099e-02
5.8689664780521145e-01
1.8966351626991469e+00
2.0702169681700360e+00
-7.2916666666667584e-01
-6.2567237039542190e-01
1.9361839400740019e-01
-3.5690666868770410e-01
4.8387429582670405e-01
8.5558544150185289e-01
-1.1888420799827312e-01
-4.7023093814741512e-01
-4.9494528055560350e-01
6.7250597902683584e-01
4.4067240722041543e+00
-3.0057372314142006e+00
-1.1375881451474625e+00
-3.5690666868770510e-01
1.1825720640173356e+00
-2.3040297603737940e+00
-1.5002663748186542e+00
-6.6106967159806918e-01
-2.9067960977793816e-01
-6.3514953660484064e-01
1.0488262157599535e+00
-1.9972565157750313e+00
1.2749570435321390e+01
-2.3822632130893360e+00
5.1412982666778699e+00
-2.7283031384226706e+00
-5.5179981354787442e+00
5.3699523521154715e+00
8.1324420472214580e+00
-5.3009933441425430e+00
7.0742444165167595e-01
-2.0494019804458556e+00
2.5908518139578609e+00
-2.3891623751042097e+00
1.8030904260255411e+01
-2.3822632130893613e+00
-6.4234740715474437e-01
1.5698466828974229e+00
-4.1059134152125116e+00
4.3607076214656445e+01
3.4767829357123117e+00
9.1688569936183129e-02
-3.9707573131883150e-01
2.0072867290949333e+01
5.1412982666778433e+00
1.5698466828974271e+00
-2.3368490714743171e+00
2.1444338606787046e+00
8.9250528656912825e-02
-2.7283031384226768e+00
9.3333333333333428e+00
-1.7439377089836889e+00
3.7636915480739970e+00
-1.9972565157750262e+00
-4.0394549912407740e+00
3.9310779559725151e+00
5.9533607681755694e+00
-3.8805964584968016e+00
5.1787063380507625e-01
-1.5002663748186493e+00
1.8966351626991429e+00
-1.7489882461082158e+00
1.3199538024917125e+01
-1.7439377089836905e+00
-4.7023093814741146e-01
1.1492075319743815e+00
-3.0057372314142077e+00
3.1922595358656856e+01
2.5451817558298955e+00
6.7120691666617938e-02
-2.9067960977795093e-01
1.4694358710562391e+01
3.7636915480739912e+00
1.1492075319743804e+00
-1.7106922499393156e+00
1.5698345394879023e+00
6.5335921579266654e-02
-1.9972565157750213e+00
-9.9606019025950654e-01
-6.3269164299677847e+00
-2.7283031384226484e+00
4.0931848443475980e+00
3.4767829357123361e+00
-5.0255822369528644e+00
1.2749570435321393e+01
-3.5950907021376777e+00
1.3261588412752345e-01
8.0171573029784449e-01
-1.5539743053154538e+00
1.3337676343952991e+00
-5.0255822369528529e+00
2.0072867290949372e+01
-3.1473631837459735e+00
2.6659981388673635e+00
-1.5539743053154469e+00
3.4767829357122935e+00
4.1398751657659801e+01
-3.1473631837459726e+00
8.0171573029784426e-01
4.0931848443475509e+00
2.0072867290949343e+01
1.3261588412752282e-01
-2.7283031384226804e+00
-3.5950907021377088e+00
-6.3269164299677794e+00
-9.9606019025943293e-01
-7.2916666666666052e-01
-4.6316242819787252e+00
-1.9972565157750142e+00
2.9964192708333486e+00
2.5451817558299088e+00
-3.6789815350651525e+00
9.3333333333333304e+00
-2.6317890517832589e+00
9.7081565072015721e-02
5.8689664780520479e-01
-1.1375881451474661e+00
9.7638567386831043e-01
-3.6789815350651516e+00
1.4694358710562424e+01
-2.3040297603738051e+00
1.9516460905349811e+00
-1.1375881451474568e+00
2.5451817558298848e+00
3.0305989583333307e+01
-2.3040297603737949e+00
5.8689664780522288e-01
2.9964192708333259e+00
1.4694358710562407e+01
9.7081565072017817e-02
-1.9972565157750208e+00
-2.6317890517832581e+00
-4.6316242819787083e+00
-7.2916666666662078e-01
-2.7283031384226950e+00
-8.6763040220412480e-01
-2.0494019804458694e+00
-1.5539743053154571e+00
-6.4234740715476168e-01
-8.5468435240617169e-01
3.4767829357123374e+00
1.4327232548831996e+00
-9.0303796507439937e-01
-4.8754357620747912e-01
-6.7610782672216763e-01
2.6448764485405757e-01
-1.1750564044233294e+00
-3.9707573131881679e-01
1.6154234812534798e+00
9.1866025154757969e-01
-4.8754357620748162e-01
9.1688569936181699e-02
-3.1473631837459752e+00
6.0196970300992882e+00
6.6098458033757324e-01
8.0171573029784193e-01
-4.1059134152125125e+00
1.1687514481996615e+00
2.5908518139578685e+00
-1.6239884823443801e-01
2.8279689698658514e+00
-9.9606019025949288e-01
-1.9972565157750377e+00
-6.3514953660483886e-01
-1.5002663748186544e+00
-1.1375881451474659e+00
-4.7023093814741729e-01
-6.2567237039542090e-01
2.5451817558299070e+00
1.0488262157599586e+00
-6.6106967159806984e-01
-3.5690666868770382e-01
-4.9494528055560166e-01
1.9361839400740297e-01
-8.6020098979708026e-01
-2.9067960977794555e-01
1.1825720640173389e+00
6.7250597902683285e-01
-3.5690666868770526e-01
6.7120691666616661e-02
-2.3040297603738003e+00
4.4067240722041578e+00
4.8387429582669639e-01
5.8689664780520812e-01
-3.0057372314142130e+00
8.5558544150185722e-01
1.8966351626991469e+00
-1.1888420799827734e-01
2.0702169681700200e+00
-7.2916666666667540e-01
3.4767829357123308e+00
-8.5468435240617602e-01
-6.4234740715476280e-01
-1.5539743053154578e+00
-2.0494019804458699e+00
-8.6763040220412302e-01
-2.7283031384226990e+00
-1.1750564044233316e+00
2.6448764485405540e-01
-6.7610782672216863e-01
-4.8754357620747757e-01
-9.0303796507440015e-01
1.4327232548832010e+00
9.1688569936183684e-02
-4.8754357620748212e-01
9.1866025154758113e-01
1.6154234812534773e+00
-3.9707573131880197e-01
8.0171573029784515e-01
6.6098458033757956e-01
6.0196970300992847e+00
-3.1473631837459592e+00
2.5908518139578667e+00
1.1687514481996570e+00
-4.1059134152124983e+00
2.8279689698658630e+00
-1.6239884823443762e-01
-9.9606019025948667e-01
2.5451817558298977e+00
-6.2567237039542067e-01
-4.7023093814741579e-01
-1.1375881451474650e+00
-1.5002663748186555e+00
-6.3514953660483742e-01
-1.9972565157750348e+00
-8.6020098979707960e-01
1.9361839400740094e-01
-4.9494528055560111e-01
-3.5690666868770154e-01
-6.6106967159807006e-01
1.0488262157599542e+00
6.7120691666618423e-02
-3.5690666868770526e-01
6.7250597902683429e-01
1.1825720640173347e+00
-2.9067960977793744e-01
5.8689664780520945e-01
4.8387429582670033e-01
4.4067240722041534e+00
-2.3040297603737936e+00
1.8966351626991502e+00
8.5558544150185412e-01
-3.0057372314142032e+00
2.0702169681700351e+00
-1.1888420799827527e-01
-7.2916666666666552e-01
1.2749570435321356e+01
-5.0255822369528422e+00
3.4767829357123277e+00
4.0931848443475820e+00
-2.7283031384226755e+00
-6.3269164299678193e+00
-9.9606019025950954e-01
-5.0255822369528493e+00
1.3337676343953013e+00
-1.5539743053154405e+00
8.0171573029783716e-01
1.3261588412753131e-01
-3.5950907021377234e+00
3.4767829357123214e+00
-1.5539743053154436e+00
2.6659981388673564e+00
-3.1473631837459641e+00
2.0072867290949233e+01
4.0931848443475491e+00
8.0171573029783405e-01
-3.1473631837459739e+00
4.1398751657659716e+01
-2.7283031384226932e+00
1.3261588412752209e-01
2.0072867290949262e+01
-6.3269164299678193e+00
-3.5950907021377105e+00
-9.9606019025949066e-01
9.3333333333333410e+00
-3.6789815350651596e+00
2.5451817558299088e+00
2.9964192708333415e+00
-1.9972565157750275e+00
-4.6316242819787545e+00
-7.2916666666668783e-01
-3.6789815350651618e+00
9.7638567386831765e-01
-1.1375881451474605e+00
5.8689664780521156e-01
9.7081565072020565e-02
-2.6317890517832505e+00
2.5451817558299106e+00
-1.1375881451474636e+00
1.9516460905349842e+00
-2.3040297603737949e+00
1.4694358710562371e+01
2.9964192708333366e+00
5.8689664780520390e-01
-2.3040297603738007e+00
3.0305989583333318e+01
-1.9972565157750373e+00
9.7081565072013015e-02
1.4694358710562389e+01
-4.6316242819787536e+00
-2.6317890517832678e+00
-7.2916666666666430e-01
-2.7283031384227310e+00
2.1444338606787565e+00
5.1412982666779046e+00
3.4767829357123432e+00
-2.3822632130893338e+00
-5.3009933441425421e+00
1.2749570435321404e+01
8.9250528656937056e-02
1.5698466828974218e+00
9.1688569936177966e-02
-6.4234740715475092e-01
7.0742444165167528e-01
-2.3822632130893333e+00
-2.3368490714743104e+00
-3.9707573131880575e-01
1.5698466828974298e+00
-2.0494019804458672e+00
5.1412982666778726e+00
2.0072867290949340e+01
-4.1059134152125019e+00
2.5908518139578596e+00
-2.7283031384226679e+00
4.3607076214656509e+01
-2.3891623751042239e+00
-5.5179981354787344e+00
1.8030904260255490e+01
5.3699523521154608e+00
8.1324420472215344e+00
-1.9972565157750308e+00
1.5698345394879196e+00
3.7636915480740134e+00
2.5451817558299084e+00
-1.7439377089836758e+00
-3.8805964584967980e+00
9.3333333333333623e+00
6.5335921579255510e-02
1.1492075319743895e+00
6.7120691666611512e-02
-4.7023093814742178e-01
5.1787063380507359e-01
-1.7439377089836863e+00
-1.7106922499393269e+00
-2.9067960977794777e-01
1.1492075319743775e+00
-1.5002663748186553e+00
3.7636915480740010e+00
1.4694358710562407e+01
-3.0057372314142059e+00
1.8966351626991540e+00
-1.9972565157750359e+00
3.1922595358656952e+01
-1.7489882461082233e+00
-4.0394549912407625e+00
1.3199538024917196e+01
3.9310779559725511e+00
5.9533607681756235e+00
3.4767829357123405e+00
1.4618541336153590e-01
7.0742444165167351e-01
1.3337676343953069e+00
7.0742444165167684e-01
1.4618541336153898e-01
3.4767829357123317e+00
-5.7587014007378912e-01
6.2490946942302572e-01
2.6448764485405596e-01
2.6448764485405557e-01
6.2490946942302250e-01
-5.7587014007379100e-01
1.5698466828974371e+00
-9.0303796507440037e-01
-3.5033573607446761e-01
-9.0303796507439849e-01
1.5698466828974269e+00
1.3261588412752492e-01
1.1687514481996606e+00
1.1687514481996559e+00
1.3261588412753386e-01
-2.3891623751042279e+00
7.3189323765770631e+00
-2.3891623751042128e+00
-5.6551508722802950e+00
-5.6551508722802710e+00
8.1324420472214829e+00
2.5451817558299070e+00
1.0701514990610138e-01
5.1787063380506648e-01
9.7638567386831099e-01
5.1787063380506915e-01
1.0701514990610522e-01
2.5451817558299008e+00
-4.2156620109581694e-01
4.5746548174856172e-01
1.9361839400740155e-01
1.9361839400740347e-01
4.5746548174856150e-01
-4.2156620109581955e-01
1.1492075319743897e+00
-6.6106967159807162e-01
-2.5646355851355379e-01
-6.6106967159806829e-01
1.1492075319743842e+00
9.7081565072012196e-02
8.5558544150185722e-01
8.5558544150185512e-01
9.7081565072022702e-02
-1.7489882461082367e+00
5.3578303568152412e+00
-1.7489882461082198e+00
-4.1398577629766429e+00
-4.1398577629766198e+00
5.9533607681755836e+00
1.2749570435321345e+01
-5.3009933441425163e+00
-2.3822632130893440e+00
3.4767829357123325e+00
5.1412982666778886e+00
2.1444338606787428e+00
-2.7283031384227145e+00
-2.3822632130893240e+00
7.0742444165166662e-01
-6.4234740715474903e-01
9.1688569936172193e-02
1.5698466828974278e+00
8.9250528656907080e-02
5.1412982666778664e+00
-2.0494019804458574e+00
1.5698466828974194e+00
-3.9707573131880097e-01
-2.3368490714743979e+00
-2.7283031384227123e+00
2.5908518139578631e+00
-4.1059134152125170e+00
2.0072867290949258e+01
-5.5179981354787655e+00
-2.3891623751042319e+00
4.3607076214656466e+01
5.3699523521154928e+00
1.8030904260255440e+01
8.1324420472214776e+00
9.3333333333333002e+00
-3.8805964584967807e+00
-1.7439377089836745e+00
2.5451817558299075e+00
3.7636915480740050e+00
1.5698345394879061e+00
-1.9972565157750561e+00
-1.7439377089836776e+00
5.1787063380506415e-01
-4.7023093814741135e-01
6.7120691666619117e-02
1.1492075319743855e+00
6.5335921579256523e-02
3.7636915480740112e+00
-1.5002663748186515e+00
1.1492075319743891e+00
-2.9067960977793683e-01
-1.7106922499393546e+00
-1.9972565157750286e+00
1.8966351626991420e+00
-3.0057372314142126e+00
1.4694358710562380e+01
-4.0394549912407713e+00
-1.7489882461082329e+00
3.1922595358656881e+01
3.9310779559725475e+00
1.3199538024917102e+01
5.9533607681755729e+00
3.4767829357123232e+00
8.2749700823823025e-01
-2.3822632130893462e+00
-5.0255822369528804e+00
-5.3009933441425581e+00
-5.8141603736336833e-01
1.2749570435321422e+01
6.3713107558122295e-01
-5.7587014007378934e-01
-1.1750564044233314e+00
-8.5468435240616003e-01
1.4618541336154425e-01
8.2749700823822581e-01
8.9250528656903499e-02
1.4327232548832072e+00
3.7738809816571750e-01
-8.6763040220412690e-01
2.1444338606787698e+00
-3.5950907021377145e+00
-1.6239884823442996e-01
2.8279689698658519e+00
-6.3269164299677660e+00
1.8030904260255493e+01
-5.6551508722802959e+00
5.3699523521155275e+00
5.5006987748944155e+01
4.2778096810831006e+00
-2.3498002661240839e+01
2.5451817558299115e+00
6.0576985314162568e-01
-1.7439377089836972e+00
-3.6789815350651751e+00
-3.8805964584968122e+00
-4.2562607968535715e-01
9.3333333333333552e+00
4.6641231840647024e-01
-4.2156620109581538e-01
-8.6020098979708348e-01
-6.2567237039542356e-01
1.0701514990610765e-01
6.0576985314161713e-01
6.5335921579246448e-02
1.0488262157599590e+00
2.7626726202908342e-01
-6.3514953660484075e-01
1.5698345394879221e+00
-2.6317890517832709e+00
-1.1888420799827558e-01
2.0702169681700315e+00
-4.6316242819787314e+00
1.3199538024917189e+01
-4.1398577629766455e+00
3.9310779559725635e+00
4.0267909803545976e+01
3.1315740316628742e+00
-1.7201731824416999e+01
1.2749570435321335e+01
-5.8141603736337588e-01
-5.3009933441425554e+00
-5.0255822369528653e+00
-2.3822632130893346e+00
8.2749700823823369e-01
3.4767829357123179e+00
8.2749700823821815e-01
1.4618541336153754e-01
-8.5468435240616802e-01
-1.1750564044233351e+00
-5.7587014007378512e-01
6.3713107558120341e-01
2.1444338606787232e+00
-8.6763040220411358e-01
3.7738809816570013e-01
1.4327232548831963e+00
8.9250528656905845e-02
-6.3269164299677945e+00
2.8279689698658550e+00
-1.6239884823445899e-01
-3.5950907021376883e+00
5.3699523521154493e+00
-5.6551508722802932e+00
1.8030904260255465e+01
4.2778096810830935e+00
5.5006987748943970e+01
-2.3498002661240879e+01
9.3333333333332664e+00
-4.2562607968534882e-01
-3.8805964584967918e+00
-3.6789815350651485e+00
-1.7439377089836812e+00
6.0576985314162946e-01
2.5451817558299137e+00
6.0576985314161735e-01
1.0701514990610440e-01
-6.2567237039541590e-01
-8.6020098979707837e-01
-4.2156620109581544e-01
4.6641231840644987e-01
1.5698345394879010e+00
-6.3514953660483020e-01
2.7626726202908236e-01
1.0488262157599508e+00
6.5335921579244643e-02
-4.6316242819787146e+00
2.0702169681700209e+00
-1.1888420799829104e-01
-2.6317890517832798e+00
3.9310779559725417e+00
-4.1398577629766269e+00
1.3199538024917107e+01
3.1315740316628773e+00
4.0267909803545784e+01
-1.7201731824417017e+01
1.2749570435321427e+01
1.2749570435321463e+01
1.2749570435321457e+01
1.2749570435321470e+01
1.2749570435321468e+01
1.2749570435321445e+01
1.2749570435321450e+01
3.4767829357123308e+00
3.4767829357123246e+00
3.4767829357123312e+00
3.4767829357123197e+00
3.4767829357123299e+00
3.4767829357123099e+00
-2.7283031384226790e+00
-2.7283031384226870e+00
-2.7283031384226910e+00
-2.7283031384226923e+00
-2.7283031384227110e+00
-9.9606019025949066e-01
-9.9606019025948422e-01
-9.9606019025950809e-01
-9.9606019025948411e-01
8.1324420472214669e+00
8.1324420472214918e+00
8.1324420472215095e+00
-2.3498002661240868e+01
-2.3498002661240868e+01
3.5698797218899995e+02
9.3333333333333375e+00
9.3333333333333517e+00
9.3333333333333517e+00
9.3333333333333499e+00
9.3333333333333517e+00
9.3333333333333357e+00
9.3333333333333393e+00
2.5451817558298901e+00
2.5451817558299106e+00
2.5451817558298990e+00
2.5451817558298999e+00
2.5451817558299035e+00
2.5451817558299155e+00
-1.9972565157750608e+00
-1.9972565157750268e+00
-1.9972565157750335e+00
-1.9972565157750317e+00
-1.9972565157750333e+00
-7.2916666666668573e-01
-7.2916666666666718e-01
-7.2916666666667784e-01
-7.2916666666666075e-01
5.9533607681755729e+00
5.9533607681755774e+00
5.9533607681755907e+00
-1.7201731824417021e+01
-1.7201731824417003e+01
2.6133333333333337e+02
