1.2789000000000001e+02
-8.0232096000000084e+00
2.1066528000000049e+00
4.2678720000000858e-01
-1.1361503999999705e+00
-6.0899999999999856e+00
-8.0232095999999871e+00
2.1066528000000031e+00
4.2678720000000048e-01
-1.1361503999999991e+00
-6.0900000000000061e+00
2.1066527999999991e+00
4.2678719999999870e-01
-1.1361503999999971e+00
-6.0900000000000274e+00
4.2678720000000497e-01
-1.1361503999999967e+00
-6.0900000000000301e+00
-1.1361504000000022e+00
-6.0900000000000087e+00
-6.0900000000000061e+00
-3.9898924175810336e+01
2.5030685079133166e+00
-6.5723027861410988e-01
-1.3314840982098985e-01
3.5445444258281755e-01
1.8999487702766737e+00
2.5030685079133219e+00
-6.5723027861411232e-01
-1.3314840982098836e-01
3.5445444258281794e-01
1.8999487702766891e+00
-6.5723027861410410e-01
-1.3314840982098952e-01
3.5445444258281811e-01
1.8999487702766966e+00
-1.3314840982098447e-01
3.5445444258281544e-01
1.8999487702766911e+00
3.5445444258281916e-01
1.8999487702766926e+00
1.8999487702766791e+00
2.5410860659351751e+01
-1.5941563936693495e+00
4.1857737710871268e-01
8.4799672143210117e-02
-2.2574524593373810e-01
-1.2100409837786510e+00
-1.5941563936693446e+00
4.1857737710871240e-01
8.4799672143208507e-02
-2.2574524593374559e-01
-1.2100409837786539e+00
4.1857737710871257e-01
8.4799672143207910e-02
-2.2574524593374537e-01
-1.2100409837786579e+00
8.4799672143210283e-02
-2.2574524593374545e-01
-1.2100409837786581e+00
-2.2574524593374565e-01
-1.2100409837786521e+00
-1.2100409837786583e+00
-8.0232095999999959e+00
2.1567203718143997e+01
7.1719974574080032e+00
-1.3458649774079889e+00
2.5467916185601430e-01
-1.1361503999999842e+00
-4.0749127372800348e-01
-2.4996643338239983e+00
-2.5569815040000093e-01
5.9355084902399780e-01
6.1450060492799552e-01
3.3982825175040001e+00
9.8192891596800069e-01
1.7356917043199932e-01
2.2360256808960113e+00
-2.3531332823039990e+00
-2.8753374720000241e-01
2.7125543639040064e+00
6.1450060492800340e-01
5.8864174387200274e-01
-6.0900000000000096e+00
2.5030685079133201e+00
-6.7285028214440752e+00
-2.2375086616797715e+00
4.1988087172164085e-01
-7.9454410571991166e-02
3.5445444258281594e-01
1.2712849662035847e-01
7.7984140839957250e-01
7.9772313040147660e-02
-1.8517507482755791e-01
-1.9171094723599863e-01
-1.0601909179284892e+00
-3.0634066279023248e-01
-5.4149841037803625e-02
-6.9759182967577427e-01
7.3412687783425201e-01
8.9704333235745282e-02
-8.4625851034615107e-01
-1.9171094723600077e-01
-1.8364353980347034e-01
1.8999487702766851e+00
-1.5941563936693450e+00
4.2852545820127341e+00
1.4250264136321786e+00
-2.6741408559868501e-01
5.0602992374414207e-02
-2.2574524593374076e-01
-8.0965704719713705e-02
-4.9666605740834141e-01
-5.0805458367881660e-02
1.1793445866595269e-01
1.2209703062720038e-01
6.7521529074521003e-01
1.9510250106381363e-01
3.4486996673757153e-02
4.4428287597138671e-01
-4.6755134842059615e-01
-5.7130971811404127e-02
5.3896583761107941e-01
1.2209703062720005e-01
1.1695905334122333e-01
-1.2100409837786541e+00
2.1066528000000093e+00
7.1719974574079988e+00
1.7581569094655990e+01
7.7949249853440010e+00
-1.3458649774079785e+00
4.2678720000000420e-01
3.3982825175039970e+00
-1.4212975687679978e+00
-1.7823101183999996e+00
-9.5679532031999803e-02
-2.3531332823040048e+00
-1.1786760222720016e+00
1.3215115253760008e+00
5.9355084902399990e-01
-2.3803628513280048e+00
-2.3803628513279986e+00
-8.2633797120000252e-01
6.1450060492800307e-01
2.2360256808960037e+00
2.7125543639040024e+00
-6.0900000000000105e+00
-6.5723027861411454e-01
-2.2375086616797759e+00
-5.4850707029435597e+00
-2.4318486273076094e+00
4.1988087172163868e-01
-1.3314840982099149e-01
-1.0601909179284883e+00
4.4341421477471338e-01
5.5604235101901034e-01
2.9849952253668589e-02
7.3412687783426178e-01
3.6772152037279082e-01
-4.1228311946545054e-01
-1.8517507482755904e-01
7.4262191661625343e-01
7.4262191661624311e-01
2.5779964075769657e-01
-1.9171094723599841e-01
-6.9759182967576983e-01
-8.4625851034615562e-01
1.8999487702766849e+00
4.1857737710871284e-01
1.4250264136321764e+00
3.4933364800771511e+00
1.5487978157219116e+00
-2.6741408559868290e-01
8.4799672143209368e-02
6.7521529074521025e-01
-2.8240202107622864e-01
-3.5413272398479162e-01
-1.9010862901064522e-02
-4.6755134842059543e-01
-2.3419479368576734e-01
2.6257522269963934e-01
1.1793445866595305e-01
-4.7296167592300364e-01
-4.7296167592300398e-01
-1.6418765379384298e-01
1.2209703062720020e-01
4.4428287597138288e-01
5.3896583761107764e-01
-1.2100409837786530e+00
4.2678720000001463e-01
-1.3458649774079923e+00
7.7949249853440028e+00
1.7581569094655997e+01
7.1719974574080059e+00
2.1066528000000031e+00
-2.3531332823040061e+00
-9.5679532031998291e-02
-1.7823101183999979e+00
-1.4212975687680003e+00
3.3982825175040010e+00
-2.3803628513279960e+00
5.9355084902400002e-01
1.3215115253760006e+00
-1.1786760222720023e+00
6.1450060492800374e-01
-8.2633797120000108e-01
-2.3803628513280071e+00
2.7125543639040015e+00
2.2360256808959953e+00
-6.0900000000000079e+00
-1.3314840982098775e-01
4.1988087172164051e-01
-2.4318486273076068e+00
-5.4850707029435535e+00
-2.2375086616797830e+00
-6.5723027861411409e-01
7.3412687783425745e-01
2.9849952253669682e-02
5.5604235101901067e-01
4.4341421477471343e-01
-1.0601909179284879e+00
7.4262191661624666e-01
-1.8517507482755821e-01
-4.1228311946545199e-01
3.6772152037279149e-01
-1.9171094723600018e-01
2.5779964075769629e-01
7.4262191661624621e-01
-8.4625851034615007e-01
-6.9759182967577416e-01
1.8999487702766868e+00
8.4799672143210700e-02
-2.6741408559868529e-01
1.5487978157219102e+00
3.4933364800771534e+00
1.4250264136321775e+00
4.1857737710871362e-01
-4.6755134842059720e-01
-1.9010862901063946e-02
-3.5413272398479106e-01
-2.8240202107622941e-01
6.7521529074521114e-01
-4.7296167592300231e-01
1.1793445866595320e-01
2.6257522269963890e-01
-2.3419479368576693e-01
1.2209703062720140e-01
-1.6418765379384301e-01
-4.7296167592300481e-01
5.3896583761107830e-01
4.4428287597138155e-01
-1.2100409837786523e+00
-1.1361503999999683e+00
2.5467916185600703e-01
-1.3458649774079936e+00
7.1719974574080014e+00
2.1567203718143986e+01
-8.0232096000000084e+00
6.1450060492799574e-01
5.9355084902400157e-01
-2.5569815039999833e-01
-2.4996643338239988e+00
-4.0749127372800098e-01
2.2360256808960091e+00
1.7356917043199843e-01
9.8192891596800036e-01
3.3982825175039975e+00
2.7125543639040042e+00
-2.8753374719999952e-01
-2.3531332823040150e+00
5.8864174387199864e-01
6.1450060492799063e-01
-6.0900000000000025e+00
3.5445444258281666e-01
-7.9454410571995898e-02
4.1988087172163197e-01
-2.2375086616797781e+00
-6.7285028214440725e+00
2.5030685079133117e+00
-1.9171094723600107e-01
-1.8517507482755649e-01
7.9772313040147966e-02
7.7984140839957072e-01
1.2712849662036182e-01
-6.9759182967576772e-01
-5.4149841037804979e-02
-3.0634066279023209e-01
-1.0601909179284965e+00
-8.4625851034614463e-01
8.9704333235745851e-02
7.3412687783424557e-01
-1.8364353980346643e-01
-1.9171094723600574e-01
1.8999487702766897e+00
-2.2574524593373915e-01
5.0602992374412702e-02
-2.6741408559868668e-01
1.4250264136321782e+00
4.2852545820127350e+00
-1.5941563936693481e+00
1.2209703062719976e-01
1.1793445866595366e-01
-5.0805458367880939e-02
-4.9666605740834152e-01
-8.0965704719712095e-02
4.4428287597138610e-01
3.4486996673756924e-02
1.9510250106381372e-01
6.7521529074520958e-01
5.3896583761108019e-01
-5.7130971811403690e-02
-4.6755134842059853e-01
1.1695905334122435e-01
1.2209703062719743e-01
-1.2100409837786512e+00
-6.0899999999999812e+00
-1.1361503999999847e+00
4.2678720000000669e-01
2.1066528000000053e+00
-8.0232096000000048e+00
1.2789000000000011e+02
-6.0900000000000141e+00
-1.1361504000000013e+00
4.2678719999999926e-01
2.1066527999999991e+00
-8.0232096000000013e+00
-6.0900000000000079e+00
-1.1361504000000000e+00
4.2678720000000125e-01
2.1066527999999898e+00
-6.0900000000000141e+00
-1.1361504000000002e+00
4.2678719999999837e-01
-6.0900000000000079e+00
-1.1361503999999973e+00
-6.0900000000000123e+00
1.8999487702766722e+00
3.5445444258281267e-01
-1.3314840982099127e-01
-6.5723027861411065e-01
2.5030685079133157e+00
-3.9898924175810350e+01
1.8999487702766888e+00
3.5445444258281922e-01
-1.3314840982098852e-01
-6.5723027861410910e-01
2.5030685079133126e+00
1.8999487702766844e+00
3.5445444258281755e-01
-1.3314840982099033e-01
-6.5723027861410310e-01
1.8999487702766817e+00
3.5445444258281750e-01
-1.3314840982098830e-01
1.8999487702766784e+00
3.5445444258281955e-01
1.8999487702766826e+00
-1.2100409837786485e+00
-2.2574524593374293e-01
8.4799672143209631e-02
4.1857737710871368e-01
-1.5941563936693468e+00
2.5410860659351737e+01
-1.2100409837786561e+00
-2.2574524593374556e-01
8.4799672143207855e-02
4.1857737710871157e-01
-1.5941563936693510e+00
-1.2100409837786537e+00
-2.2574524593374629e-01
8.4799672143208410e-02
4.1857737710870929e-01
-1.2100409837786541e+00
-2.2574524593374642e-01
8.4799672143206925e-02
-1.2100409837786517e+00
-2.2574524593374604e-01
-1.2100409837786592e+00
-8.0232095999999906e+00
-4.0749127372798910e-01
3.3982825175040068e+00
-2.3531332823040021e+00
6.1450060492799941e-01
-6.0900000000000096e+00
2.1567203718144011e+01
-2.4996643338240050e+00
9.8192891596799992e-01
-2.8753374720000074e-01
5.8864174387199886e-01
7.1719974574080041e+00
-2.5569815039999927e-01
1.7356917043199949e-01
2.7125543639040126e+00
-1.3458649774080031e+00
5.9355084902399846e-01
2.2360256808960117e+00
2.5467916185600320e-01
6.1450060492800440e-01
-1.1361504000000051e+00
2.5030685079133153e+00
1.2712849662036180e-01
-1.0601909179284865e+00
7.3412687783425934e-01
-1.9171094723600007e-01
1.8999487702766900e+00
-6.7285028214440947e+00
7.7984140839957505e-01
-3.0634066279023386e-01
8.9704333235745753e-02
-1.8364353980346898e-01
-2.2375086616797848e+00
7.9772313040148840e-02
-5.4149841037803681e-02
-8.4625851034615562e-01
4.1988087172163907e-01
-1.8517507482755921e-01
-6.9759182967577082e-01
-7.9454410571983658e-02
-1.9171094723599666e-01
3.5445444258281650e-01
-1.5941563936693477e+00
-8.0965704719709181e-02
6.7521529074521081e-01
-4.6755134842059554e-01
1.2209703062720136e-01
-1.2100409837786539e+00
4.2852545820127377e+00
-4.9666605740834302e-01
1.9510250106381363e-01
-5.7130971811404113e-02
1.1695905334122472e-01
1.4250264136321789e+00
-5.0805458367881209e-02
3.4486996673757077e-02
5.3896583761108263e-01
-2.6741408559868934e-01
1.1793445866595298e-01
4.4428287597138655e-01
5.0602992374411120e-02
1.2209703062720184e-01
-2.2574524593374617e-01
2.1066528000000004e+00
-2.4996643338239997e+00
-1.4212975687679998e+00
-9.5679532032000358e-02
5.9355084902399868e-01
-1.1361504000000022e+00
-2.4996643338240006e+00
3.2093879838719968e+00
4.8084098764799982e-01
-3.5238731673599955e-01
-2.8753374719999913e-01
-1.4212975687680003e+00
4.8084098764799954e-01
-1.5897905049599950e-01
-8.2633797120000274e-01
-9.5679532031999054e-02
-3.5238731673599921e-01
-8.2633797120000219e-01
5.9355084902400013e-01
-2.8753374720000102e-01
-1.1361503999999996e+00
-6.5723027861411287e-01
7.7984140839957328e-01
4.4341421477471343e-01
2.9849952253669109e-02
-1.8517507482755780e-01
3.5445444258281850e-01
7.7984140839957661e-01
-1.0012598938092587e+00
-1.5001202679481812e-01
1.0993724944066713e-01
8.9704333235744990e-02
4.4341421477471477e-01
-1.5001202679481848e-01
4.9598038011433483e-02
2.5779964075769835e-01
2.9849952253669574e-02
1.0993724944066738e-01
2.5779964075769757e-01
-1.8517507482755874e-01
8.9704333235744990e-02
3.5445444258281905e-01
4.1857737710871151e-01
-4.9666605740834191e-01
-2.8240202107622897e-01
-1.9010862901064445e-02
1.1793445866595298e-01
-2.2574524593374640e-01
-4.9666605740834152e-01
6.3768325013659377e-01
9.5539786820145398e-02
-7.0016928639466222e-02
-5.7130971811403711e-02
-2.8240202107622941e-01
9.5539786820145398e-02
-3.1588040502853153e-02
-1.6418765379384342e-01
-1.9010862901064133e-02
-7.0016928639466056e-02
-1.6418765379384320e-01
1.1793445866595328e-01
-5.7130971811403898e-02
-2.2574524593374556e-01
4.2678719999999887e-01
-2.5569815040000005e-01
-1.7823101183999996e+00
-1.7823101183999990e+00
-2.5569815040000088e-01
4.2678719999999815e-01
9.8192891596800169e-01
4.8084098764799926e-01
2.7635748833279989e+00
4.8084098764799804e-01
9.8192891596800158e-01
1.3215115253760017e+00
2.8341538713599956e-01
2.8341538713599912e-01
1.3215115253760072e+00
5.9355084902400079e-01
-1.5897905049600042e-01
5.9355084902400290e-01
1.7356917043200090e-01
1.7356917043200049e-01
-1.1361504000000000e+00
-1.3314840982098913e-01
7.9772313040147619e-02
5.5604235101900978e-01
5.5604235101901012e-01
7.9772313040147452e-02
-1.3314840982098977e-01
-3.0634066279023370e-01
-1.5001202679481845e-01
-8.6217581299615154e-01
-1.5001202679481751e-01
-3.0634066279023381e-01
-4.1228311946545138e-01
-8.8419493639824875e-02
-8.8419493639824917e-02
-4.1228311946545354e-01
-1.8517507482755771e-01
4.9598038011433233e-02
-1.8517507482755821e-01
-5.4149841037802952e-02
-5.4149841037802904e-02
3.5445444258281894e-01
8.4799672143207466e-02
-5.0805458367881071e-02
-3.5413272398479062e-01
-3.5413272398479068e-01
-5.0805458367881480e-02
8.4799672143207341e-02
1.9510250106381385e-01
9.5539786820144995e-02
5.4910326281907762e-01
9.5539786820144842e-02
1.9510250106381391e-01
2.6257522269963934e-01
5.6312682080140133e-02
5.6312682080139898e-02
2.6257522269964068e-01
1.1793445866595324e-01
-3.1588040502853326e-02
1.1793445866595403e-01
3.4486996673757563e-02
3.4486996673757486e-02
-2.2574524593374565e-01
-1.1361503999999993e+00
5.9355084902399891e-01
-9.5679532031998554e-02
-1.4212975687679987e+00
-2.4996643338239957e+00
2.1066528000000000e+00
-2.8753374720000097e-01
-3.5238731673600004e-01
4.8084098764799726e-01
3.2093879838719985e+00
-2.4996643338240037e+00
-8.2633797120000185e-01
-1.5897905049599997e-01
4.8084098764799921e-01
-1.4212975687680065e+00
-8.2633797120000207e-01
-3.5238731673600049e-01
-9.5679532031999484e-02
-2.8753374720000063e-01
5.9355084902400201e-01
-1.1361504000000027e+00
3.5445444258281728e-01
-1.8517507482755724e-01
2.9849952253669872e-02
4.4341421477471377e-01
7.7984140839957261e-01
-6.5723027861410721e-01
8.9704333235745851e-02
1.0993724944066689e-01
-1.5001202679481782e-01
-1.0012598938092561e+00
7.7984140839957283e-01
2.5779964075769624e-01
4.9598038011433358e-02
-1.5001202679481893e-01
4.4341421477471726e-01
2.5779964075769507e-01
1.0993724944066695e-01
2.9849952253671028e-02
8.9704333235744213e-02
-1.8517507482755857e-01
3.5445444258281644e-01
-2.2574524593374523e-01
1.1793445866595272e-01
-1.9010862901064293e-02
-2.8240202107622903e-01
-4.9666605740834086e-01
4.1857737710871240e-01
-5.7130971811404099e-02
-7.0016928639466264e-02
9.5539786820144829e-02
6.3768325013659499e-01
-4.9666605740834352e-01
-1.6418765379384331e-01
-3.1588040502853326e-02
9.5539786820145314e-02
-2.8240202107623136e-01
-1.6418765379384342e-01
-7.0016928639466375e-02
-1.9010862901064855e-02
-5.7130971811404280e-02
1.1793445866595360e-01
-2.2574524593374667e-01
-6.0900000000000070e+00
6.1450060492799574e-01
-2.3531332823040008e+00
3.3982825175040015e+00
-4.0749127372801225e-01
-8.0232096000000102e+00
5.8864174387200086e-01
-2.8753374719999969e-01
9.8192891596800180e-01
-2.4996643338240023e+00
2.1567203718144025e+01
2.7125543639040046e+00
1.7356917043200032e-01
-2.5569815040000060e-01
7.1719974574080263e+00
2.2360256808960033e+00
5.9355084902400101e-01
-1.3458649774080027e+00
6.1450060492800096e-01
2.5467916185599337e-01
-1.1361503999999940e+00
1.8999487702766904e+00
-1.9171094723599899e-01
7.3412687783425945e-01
-1.0601909179284903e+00
1.2712849662035322e-01
2.5030685079133055e+00
-1.8364353980347220e-01
8.9704333235745434e-02
-3.0634066279023359e-01
7.7984140839957494e-01
-6.7285028214440876e+00
-8.4625851034615274e-01
-5.4149841037803757e-02
7.9772313040148660e-02
-2.2375086616797928e+00
-6.9759182967576994e-01
-1.8517507482755818e-01
4.1988087172163946e-01
-1.9171094723599741e-01
-7.9454410571988474e-02
3.5445444258282383e-01
-1.2100409837786554e+00
1.2209703062720181e-01
-4.6755134842059359e-01
6.7521529074521103e-01
-8.0965704719715328e-02
-1.5941563936693532e+00
1.1695905334122436e-01
-5.7130971811404037e-02
1.9510250106381402e-01
-4.9666605740834291e-01
4.2852545820127457e+00
5.3896583761107930e-01
3.4486996673757798e-02
-5.0805458367882084e-02
1.4250264136321875e+00
4.4428287597138344e-01
1.1793445866595340e-01
-2.6741408559868579e-01
1.2209703062720187e-01
5.0602992374408545e-02
-2.2574524593374284e-01
2.1066528000000018e+00
3.3982825175040050e+00
-1.1786760222719990e+00
-2.3803628513279960e+00
2.2360256808960037e+00
-6.0900000000000061e+00
7.1719974574080032e+00
-1.4212975687680010e+00
1.3215115253760017e+00
-8.2633797120000141e-01
2.7125543639040064e+00
1.7581569094656015e+01
-1.7823101184000032e+00
5.9355084902400124e-01
6.1450060492800362e-01
7.7949249853440126e+00
-9.5679532032000317e-02
-2.3803628513280133e+00
-1.3458649774079936e+00
-2.3531332823040012e+00
4.2678719999999559e-01
-6.5723027861410488e-01
-1.0601909179284905e+00
3.6772152037278888e-01
7.4262191661624688e-01
-6.9759182967577082e-01
1.8999487702766820e+00
-2.2375086616797861e+00
4.4341421477471499e-01
-4.1228311946545132e-01
2.5779964075769696e-01
-8.4625851034615129e-01
-5.4850707029435579e+00
5.5604235101900956e-01
-1.8517507482755785e-01
-1.9171094723600399e-01
-2.4318486273075992e+00
2.9849952253667243e-02
7.4262191661624632e-01
4.1988087172164501e-01
7.3412687783426123e-01
-1.3314840982098966e-01
4.1857737710871040e-01
6.7521529074521203e-01
-2.3419479368576687e-01
-4.7296167592300187e-01
4.4428287597138394e-01
-1.2100409837786519e+00
1.4250264136321773e+00
-2.8240202107622964e-01
2.6257522269963945e-01
-1.6418765379384309e-01
5.3896583761108119e-01
3.4933364800771587e+00
-3.5413272398479262e-01
1.1793445866595335e-01
1.2209703062720267e-01
1.5487978157219158e+00
-1.9010862901064886e-02
-4.7296167592300459e-01
-2.6741408559868590e-01
-4.6755134842059343e-01
8.4799672143206190e-02
4.2678719999999820e-01
9.8192891596799858e-01
1.3215115253759986e+00
5.9355084902399868e-01
1.7356917043199985e-01
-1.1361504000000000e+00
-2.5569815039999927e-01
4.8084098764799960e-01
2.8341538713600012e-01
-1.5897905049599981e-01
1.7356917043200043e-01
-1.7823101184000030e+00
2.7635748833279994e+00
2.8341538713599890e-01
5.9355084902400423e-01
-1.7823101184000030e+00
4.8084098764799904e-01
1.3215115253760059e+00
-2.5569815040000082e-01
9.8192891596800147e-01
4.2678720000000181e-01
-1.3314840982099146e-01
-3.0634066279023286e-01
-4.1228311946545215e-01
-1.8517507482755968e-01
-5.4149841037803979e-02
3.5445444258281822e-01
7.9772313040149076e-02
-1.5001202679481851e-01
-8.8419493639824764e-02
4.9598038011433331e-02
-5.4149841037803043e-02
5.5604235101900967e-01
-8.6217581299615098e-01
-8.8419493639825278e-02
-1.8517507482755741e-01
5.5604235101900756e-01
-1.5001202679481732e-01
-4.1228311946544999e-01
7.9772313040146564e-02
-3.0634066279023375e-01
-1.3314840982098922e-01
8.4799672143207716e-02
1.9510250106381297e-01
2.6257522269963823e-01
1.1793445866595260e-01
3.4486996673757389e-02
-2.2574524593374598e-01
-5.0805458367881202e-02
9.5539786820145314e-02
5.6312682080140175e-02
-3.1588040502853292e-02
3.4486996673757542e-02
-3.5413272398479284e-01
5.4910326281907884e-01
5.6312682080139856e-02
1.1793445866595444e-01
-3.5413272398479317e-01
9.5539786820145439e-02
2.6257522269964056e-01
-5.0805458367881806e-02
1.9510250106381344e-01
8.4799672143208854e-02
-1.1361503999999969e+00
1.7356917043199960e-01
5.9355084902399946e-01
1.3215115253760006e+00
9.8192891596800114e-01
4.2678720000000192e-01
1.7356917043199935e-01
-1.5897905049599945e-01
2.8341538713599956e-01
4.8084098764799926e-01
-2.5569815039999960e-01
5.9355084902400179e-01
2.8341538713599890e-01
2.7635748833279981e+00
-1.7823101184000067e+00
1.3215115253760028e+00
4.8084098764799910e-01
-1.7823101184000054e+00
9.8192891596800014e-01
-2.5569815040000099e-01
4.2678719999999815e-01
3.5445444258281861e-01
-5.4149841037803320e-02
-1.8517507482755888e-01
-4.1228311946545160e-01
-3.0634066279023209e-01
-1.3314840982099091e-01
-5.4149841037803285e-02
4.9598038011433532e-02
-8.8419493639824556e-02
-1.5001202679481870e-01
7.9772313040148840e-02
-1.8517507482755810e-01
-8.8419493639824792e-02
-8.6217581299615198e-01
5.5604235101901300e-01
-4.1228311946545054e-01
-1.5001202679481862e-01
5.5604235101901123e-01
-3.0634066279023198e-01
7.9772313040148132e-02
-1.3314840982099196e-01
-2.2574524593374504e-01
3.4486996673757299e-02
1.1793445866595305e-01
2.6257522269963907e-01
1.9510250106381363e-01
8.4799672143208951e-02
3.4486996673757112e-02
-3.1588040502853104e-02
5.6312682080140140e-02
9.5539786820145300e-02
-5.0805458367881355e-02
1.1793445866595346e-01
5.6312682080140015e-02
5.4910326281907840e-01
-3.5413272398479340e-01
2.6257522269963968e-01
9.5539786820145176e-02
-3.5413272398479301e-01
1.9510250106381333e-01
-5.0805458367881286e-02
8.4799672143207661e-02
-6.0900000000000247e+00
2.2360256808960086e+00
-2.3803628513280088e+00
-1.1786760222720074e+00
3.3982825175039930e+00
2.1066527999999840e+00
2.7125543639040131e+00
-8.2633797120000330e-01
1.3215115253760072e+00
-1.4212975687680056e+00
7.1719974574080227e+00
6.1450060492800462e-01
5.9355084902400257e-01
-1.7823101184000067e+00
1.7581569094656057e+01
-2.3803628513280066e+00
-9.5679532031999512e-02
7.7949249853440294e+00
-2.3531332823040034e+00
-1.3458649774079983e+00
4.2678720000001213e-01
1.8999487702766951e+00
-6.9759182967577738e-01
7.4262191661624743e-01
3.6772152037278949e-01
-1.0601909179284963e+00
-6.5723027861410521e-01
-8.4625851034615773e-01
2.5779964075769840e-01
-4.1228311946545360e-01
4.4341421477471715e-01
-2.2375086616797888e+00
-1.9171094723600304e-01
-1.8517507482755938e-01
5.5604235101901267e-01
-5.4850707029435828e+00
7.4262191661624644e-01
2.9849952253669966e-02
-2.4318486273076210e+00
7.3412687783425645e-01
4.1988087172163996e-01
-1.3314840982098247e-01
-1.2100409837786583e+00
4.4428287597138511e-01
-4.7296167592300514e-01
-2.3419479368576832e-01
6.7521529074521014e-01
4.1857737710870829e-01
5.3896583761108230e-01
-1.6418765379384365e-01
2.6257522269964084e-01
-2.8240202107623086e-01
1.4250264136321846e+00
1.2209703062720183e-01
1.1793445866595401e-01
-3.5413272398479351e-01
3.4933364800771738e+00
-4.7296167592300525e-01
-1.9010862901064338e-02
1.5487978157219198e+00
-4.6755134842059448e-01
-2.6741408559868962e-01
8.4799672143211657e-02
4.2678720000000231e-01
-2.3531332823039972e+00
-2.3803628513279995e+00
6.1450060492800263e-01
2.7125543639039988e+00
-6.0900000000000141e+00
-1.3458649774079992e+00
-9.5679532031999567e-02
5.9355084902400101e-01
-8.2633797120000230e-01
2.2360256808960068e+00
7.7949249853440126e+00
-1.7823101184000028e+00
1.3215115253760015e+00
-2.3803628513280048e+00
1.7581569094656018e+01
-1.4212975687680032e+00
-1.1786760222720045e+00
7.1719974574080103e+00
3.3982825175040006e+00
2.1066527999999929e+00
-1.3314840982098597e-01
7.3412687783425523e-01
7.4262191661624299e-01
-1.9171094723599985e-01
-8.4625851034614852e-01
1.8999487702766784e+00
4.1988087172164024e-01
2.9849952253669442e-02
-1.8517507482755732e-01
2.5779964075769563e-01
-6.9759182967576794e-01
-2.4318486273076001e+00
5.5604235101900856e-01
-4.1228311946545071e-01
7.4262191661624743e-01
-5.4850707029435393e+00
4.4341421477471166e-01
3.6772152037279088e-01
-2.2375086616797679e+00
-1.0601909179284899e+00
-6.5723027861410621e-01
8.4799672143207910e-02
-4.6755134842059271e-01
-4.7296167592300226e-01
1.2209703062720140e-01
5.3896583761107730e-01
-1.2100409837786543e+00
-2.6741408559868807e-01
-1.9010862901064591e-02
1.1793445866595340e-01
-1.6418765379384301e-01
4.4428287597138555e-01
1.5487978157219144e+00
-3.5413272398479217e-01
2.6257522269963934e-01
-4.7296167592300425e-01
3.4933364800771605e+00
-2.8240202107623014e-01
-2.3419479368576748e-01
1.4250264136321793e+00
6.7521529074521247e-01
4.1857737710871157e-01
-1.1361503999999971e+00
-2.8753374720000274e-01
-8.2633797120000274e-01
-8.2633797120000130e-01
-2.8753374720000102e-01
-1.1361503999999991e+00
5.9355084902399935e-01
-3.5238731673599949e-01
-1.5897905049600011e-01
-3.5238731673600016e-01
5.9355084902400079e-01
-9.5679532031998860e-02
4.8084098764799849e-01
4.8084098764799960e-01
-9.5679532032000816e-02
-1.4212975687680023e+00
3.2093879838719999e+00
-1.4212975687680083e+00
-2.4996643338240045e+00
-2.4996643338240041e+00
2.1066527999999969e+00
3.5445444258281650e-01
8.9704333235744296e-02
2.5779964075769612e-01
2.5779964075769635e-01
8.9704333235745309e-02
3.5445444258281766e-01
-1.8517507482755827e-01
1.0993724944066736e-01
4.9598038011433421e-02
1.0993724944066706e-01
-1.8517507482755816e-01
2.9849952253667433e-02
-1.5001202679481732e-01
-1.5001202679481815e-01
2.9849952253668970e-02
4.4341421477471182e-01
-1.0012598938092552e+00
4.4341421477471427e-01
7.7984140839957039e-01
7.7984140839957461e-01
-6.5723027861410888e-01
-2.2574524593374543e-01
-5.7130971811404432e-02
-1.6418765379384315e-01
-1.6418765379384295e-01
-5.7130971811404169e-02
-2.2574524593374626e-01
1.1793445866595323e-01
-7.0016928639466069e-02
-3.1588040502853215e-02
-7.0016928639466333e-02
1.1793445866595365e-01
-1.9010862901064785e-02
9.5539786820145314e-02
9.5539786820145370e-02
-1.9010862901064567e-02
-2.8240202107622991e-01
6.3768325013659466e-01
-2.8240202107623052e-01
-4.9666605740834202e-01
-4.9666605740834247e-01
4.1857737710871051e-01
-6.0900000000000238e+00
2.7125543639040073e+00
6.1450060492800473e-01
-2.3803628513280071e+00
-2.3531332823040079e+00
4.2678719999999937e-01
2.2360256808960086e+00
-8.2633797120000296e-01
5.9355084902400157e-01
-9.5679532031998915e-02
-1.3458649774080105e+00
-2.3803628513280155e+00
1.3215115253760050e+00
-1.7823101184000059e+00
7.7949249853440303e+00
-1.1786760222720072e+00
-1.4212975687680083e+00
1.7581569094656061e+01
3.3982825175040148e+00
7.1719974574080254e+00
2.1066527999999982e+00
1.8999487702766880e+00
-8.4625851034615085e-01
-1.9171094723599930e-01
7.4262191661624399e-01
7.3412687783425112e-01
-1.3314840982098483e-01
-6.9759182967577338e-01
2.5779964075769718e-01
-1.8517507482755877e-01
2.9849952253670622e-02
4.1988087172163696e-01
7.4262191661624521e-01
-4.1228311946545126e-01
5.5604235101901023e-01
-2.4318486273076161e+00
3.6772152037278782e-01
4.4341421477471449e-01
-5.4850707029435553e+00
-1.0601909179284885e+00
-2.2375086616797821e+00
-6.5723027861410244e-01
-1.2100409837786565e+00
5.3896583761108052e-01
1.2209703062720190e-01
-4.7296167592300509e-01
-4.6755134842059570e-01
8.4799672143209201e-02
4.4428287597138466e-01
-1.6418765379384334e-01
1.1793445866595340e-01
-1.9010862901064029e-02
-2.6741408559869256e-01
-4.7296167592300747e-01
2.6257522269964051e-01
-3.5413272398479323e-01
1.5487978157219193e+00
-2.3419479368576968e-01
-2.8240202107623091e-01
3.4933364800771716e+00
6.7521529074521280e-01
1.4250264136321826e+00
4.1857737710871262e-01
-1.1361503999999993e+00
6.1450060492800473e-01
2.2360256808960042e+00
2.7125543639040033e+00
5.8864174387200163e-01
-6.0900000000000061e+00
2.5467916185600237e-01
5.9355084902399946e-01
1.7356917043199957e-01
-2.8753374720000102e-01
6.1450060492800007e-01
-1.3458649774079954e+00
-2.5569815040000071e-01
9.8192891596799969e-01
-2.3531332823040025e+00
7.1719974574080085e+00
-2.4996643338240037e+00
3.3982825175040108e+00
2.1567203718144011e+01
-4.0749127372800498e-01
-8.0232095999999959e+00
3.5445444258281950e-01
-1.9171094723599730e-01
-6.9759182967577060e-01
-8.4625851034615118e-01
-1.8364353980346770e-01
1.8999487702766769e+00
-7.9454410571986614e-02
-1.8517507482755896e-01
-5.4149841037803140e-02
8.9704333235744532e-02
-1.9171094723599877e-01
4.1988087172164218e-01
7.9772313040147508e-02
-3.0634066279023242e-01
7.3412687783425912e-01
-2.2375086616797710e+00
7.7984140839957150e-01
-1.0601909179284870e+00
-6.7285028214440636e+00
1.2712849662035225e-01
2.5030685079133130e+00
-2.2574524593374565e-01
1.2209703062720119e-01
4.4428287597138288e-01
5.3896583761107852e-01
1.1695905334122472e-01
-1.2100409837786514e+00
5.0602992374410453e-02
1.1793445866595301e-01
3.4486996673757257e-02
-5.7130971811404148e-02
1.2209703062720167e-01
-2.6741408559868823e-01
-5.0805458367881424e-02
1.9510250106381324e-01
-4.6755134842059332e-01
1.4250264136321784e+00
-4.9666605740834191e-01
6.7521529074521291e-01
4.2852545820127350e+00
-8.0965704719712706e-02
-1.5941563936693455e+00
-6.0900000000000123e+00
5.8864174387200341e-01
2.7125543639040033e+00
2.2360256808959997e+00
6.1450060492800018e-01
-1.1361504000000018e+00
6.1450060492800229e-01
-2.8753374720000047e-01
1.7356917043200040e-01
5.9355084902400090e-01
2.5467916185599948e-01
-2.3531332823040052e+00
9.8192891596800247e-01
-2.5569815040000199e-01
-1.3458649774079900e+00
3.3982825175039997e+00
-2.4996643338240050e+00
7.1719974574080290e+00
-4.0749127372799487e-01
2.1567203718144011e+01
-8.0232095999999924e+00
1.8999487702766840e+00
-1.8364353980346651e-01
-8.4625851034615418e-01
-6.9759182967577305e-01
-1.9171094723599971e-01
3.5445444258282077e-01
-1.9171094723599713e-01
8.9704333235745073e-02
-5.4149841037802252e-02
-1.8517507482755899e-01
-7.9454410571983394e-02
7.3412687783426078e-01
-3.0634066279023364e-01
7.9772313040147161e-02
4.1988087172164790e-01
-1.0601909179284918e+00
7.7984140839957383e-01
-2.2375086616797781e+00
1.2712849662035866e-01
-6.7285028214440903e+00
2.5030685079133148e+00
-1.2100409837786534e+00
1.1695905334122586e-01
5.3896583761107997e-01
4.4428287597138300e-01
1.2209703062720062e-01
-2.2574524593374493e-01
1.2209703062720051e-01
-5.7130971811404030e-02
3.4486996673757223e-02
1.1793445866595373e-01
5.0602992374409600e-02
-4.6755134842059431e-01
1.9510250106381347e-01
-5.0805458367881529e-02
-2.6741408559868840e-01
6.7521529074521025e-01
-4.9666605740834274e-01
1.4250264136321804e+00
-8.0965704719712261e-02
4.2852545820127368e+00
-1.5941563936693450e+00
-6.0900000000000123e+00
-6.0900000000000070e+00
-6.0900000000000079e+00
-6.0900000000000079e+00
-6.0900000000000070e+00
-6.0900000000000096e+00
-1.1361503999999982e+00
-1.1361504000000018e+00
-1.1361504000000002e+00
-1.1361504000000004e+00
-1.1361503999999989e+00
4.2678720000000275e-01
4.2678720000000114e-01
4.2678719999999964e-01
4.2678719999999876e-01
2.1066527999999951e+00
2.1066527999999960e+00
2.1066527999999964e+00
-8.0232096000000013e+00
-8.0232095999999782e+00
1.2788999999999999e+02
1.8999487702766911e+00
1.8999487702766840e+00
1.8999487702766871e+00
1.8999487702766855e+00
1.8999487702766842e+00
1.8999487702766849e+00
3.5445444258281816e-01
3.5445444258281850e-01
3.5445444258281844e-01
3.5445444258281916e-01
3.5445444258281572e-01
-1.3314840982099216e-01
-1.3314840982098969e-01
-1.3314840982099027e-01
-1.3314840982099513e-01
-6.5723027861410621e-01
-6.5723027861410932e-01
-6.5723027861410843e-01
2.5030685079133099e+00
2.5030685079133237e+00
-3.9898924175810379e+01
-1.2100409837786583e+00
-1.2100409837786550e+00
-1.2100409837786525e+00
-1.2100409837786521e+00
-1.2100409837786541e+00
-1.2100409837786572e+00
-2.2574524593374551e-01
-2.2574524593374576e-01
-2.2574524593374551e-01
-2.2574524593374548e-01
-2.2574524593374623e-01
8.4799672143207258e-02
8.4799672143208660e-02
8.4799672143208563e-02
8.4799672143204080e-02
4.1857737710871362e-01
4.1857737710871018e-01
4.1857737710871162e-01
-1.5941563936693448e+00
-1.5941563936693395e+00
2.5410860659351712e+01
2.1629892417581036e+02
-1.3569564507913320e+01
3.5629582786141225e+00
7.2182040982100082e-01
-1.9215584425827750e+00
-1.0299948770276652e+01
-1.3569564507913295e+01
3.5629582786141150e+00
7.2182040982099049e-01
-1.9215584425828176e+00
-1.0299948770276700e+01
3.5629582786141039e+00
7.2182040982098949e-01
-1.9215584425828129e+00
-1.0299948770276730e+01
7.2182040982099405e-01
-1.9215584425828136e+00
-1.0299948770276723e+01
-1.9215584425828134e+00
-1.0299948770276698e+01
-1.0299948770276693e+01
1.3781250000000009e+02
-8.6457000000000033e+00
2.2701000000000087e+00
4.5990000000000381e-01
-1.2242999999999733e+00
-6.5624999999999831e+00
-8.6456999999999962e+00
2.2701000000000038e+00
4.5990000000000136e-01
-1.2242999999999993e+00
-6.5625000000000142e+00
2.2700999999999993e+00
4.5990000000000036e-01
-1.2242999999999968e+00
-6.5625000000000302e+00
4.5990000000000342e-01
-1.2242999999999982e+00
-6.5625000000000266e+00
-1.2242999999999946e+00
-6.5625000000000160e+00
-6.5625000000000036e+00
-3.9898924175810400e+01
2.5030685079133148e+00
-6.5723027861411043e-01
-1.3314840982099008e-01
3.5445444258281494e-01
1.8999487702766751e+00
2.5030685079133126e+00
-6.5723027861411221e-01
-1.3314840982098991e-01
3.5445444258281567e-01
1.8999487702766891e+00
-6.5723027861410732e-01
-1.3314840982098916e-01
3.5445444258281655e-01
1.8999487702767004e+00
-1.3314840982098652e-01
3.5445444258281483e-01
1.8999487702766968e+00
3.5445444258281966e-01
1.8999487702766922e+00
1.8999487702766840e+00
-1.3569564507913316e+01
3.6476370018884062e+01
1.2129918947759768e+01
-2.2762463578016217e+00
4.3073601313201632e-01
-1.9215584425827981e+00
-6.8918542590036447e-01
-4.2276542826395671e+00
-4.3245941704014867e-01
1.0038659010675544e+00
1.0392979885159981e+00
5.7474771489684917e+00
1.6607253744702313e+00
2.9355559335780324e-01
3.7817651826357888e+00
-3.9798279568742481e+00
-4.8630260523574875e-01
4.5877128053861522e+00
1.0392979885160043e+00
9.9556318652347087e-01
-1.0299948770276702e+01
-8.6456999999999979e+00
2.3240521247999993e+01
7.7284455360000015e+00
-1.4502855359999840e+00
2.7443875200001977e-01
-1.2242999999999831e+00
-4.3910697600000703e-01
-2.6936038079999971e+00
-2.7553680000000152e-01
6.3960220799999756e-01
6.6217737599999993e-01
3.6619423680000018e+00
1.0581130559999998e+00
1.8703574400000014e-01
2.4095104320000118e+00
-2.5357039679999991e+00
-3.0984240000000218e-01
2.9230111679999995e+00
6.6217737599999926e-01
6.3431222400000020e-01
-6.5625000000000098e+00
2.5030685079133175e+00
-6.7285028214440770e+00
-2.2375086616797777e+00
4.1988087172163674e-01
-7.9454410571990514e-02
3.5445444258281050e-01
1.2712849662036202e-01
7.7984140839957272e-01
7.9772313040148105e-02
-1.8517507482755771e-01
-1.9171094723599683e-01
-1.0601909179284821e+00
-3.0634066279023398e-01
-5.4149841037803154e-02
-6.9759182967577515e-01
7.3412687783425590e-01
8.9704333235745864e-02
-8.4625851034615474e-01
-1.9171094723600052e-01
-1.8364353980347287e-01
1.8999487702766857e+00
3.5629582786141203e+00
1.2129918947759773e+01
2.9735510833503533e+01
1.3183469296747603e+01
-2.2762463578016030e+00
7.2182040982099338e-01
5.7474771489684864e+00
-2.4038246544547111e+00
-3.0144011350190092e+00
-1.6182172057366842e-01
-3.9798279568742645e+00
-1.9934815510927895e+00
2.2350576372254500e+00
1.0038659010675581e+00
-4.0258810218962555e+00
-4.0258810218962378e+00
-1.3975761527577011e+00
1.0392979885160047e+00
3.7817651826357759e+00
4.5877128053861593e+00
-1.0299948770276700e+01
2.2701000000000051e+00
7.7284455360000068e+00
1.8945656351999997e+01
8.3997036479999956e+00
-1.4502855359999771e+00
4.5990000000000270e-01
3.6619423680000001e+00
-1.5315706559999986e+00
-1.9205927999999999e+00
-1.0310294399999868e-01
-2.5357039680000057e+00
-1.2701250240000013e+00
1.4240425920000013e+00
6.3960220799999967e-01
-2.5650461760000054e+00
-2.5650461759999978e+00
-8.9045040000000386e-01
6.6217737600000526e-01
2.4095104320000056e+00
2.9230111680000053e+00
-6.5625000000000098e+00
-6.5723027861411398e-01
-2.2375086616797764e+00
-5.4850707029435544e+00
-2.4318486273076134e+00
4.1988087172163735e-01
-1.3314840982099099e-01
-1.0601909179284865e+00
4.4341421477471304e-01
5.5604235101901045e-01
2.9849952253669376e-02
7.3412687783426034e-01
3.6772152037279071e-01
-4.1228311946545126e-01
-1.8517507482755935e-01
7.4262191661625243e-01
7.4262191661624311e-01
2.5779964075769701e-01
-1.9171094723599785e-01
-6.9759182967577282e-01
-8.4625851034615363e-01
1.8999487702766900e+00
7.2182040982100504e-01
-2.2762463578016243e+00
1.3183469296747610e+01
2.9735510833503536e+01
1.2129918947759787e+01
3.5629582786141056e+00
-3.9798279568742578e+00
-1.6182172057366892e-01
-3.0144011350190070e+00
-2.4038246544547142e+00
5.7474771489684873e+00
-4.0258810218962351e+00
1.0038659010675590e+00
2.2350576372254523e+00
-1.9934815510927932e+00
1.0392979885160085e+00
-1.3975761527576980e+00
-4.0258810218962484e+00
4.5877128053861549e+00
3.7817651826357714e+00
-1.0299948770276698e+01
4.5990000000000714e-01
-1.4502855359999831e+00
8.3997036480000098e+00
1.8945656352000004e+01
7.7284455360000104e+00
2.2700999999999927e+00
-2.5357039680000031e+00
-1.0310294399999978e-01
-1.9205927999999981e+00
-1.5315706560000013e+00
3.6619423680000045e+00
-2.5650461759999921e+00
6.3960220800000112e-01
1.4240425920000008e+00
-1.2701250240000006e+00
6.6217737600000881e-01
-8.9045040000000242e-01
-2.5650461760000005e+00
2.9230111680000093e+00
2.4095104320000020e+00
-6.5625000000000107e+00
-1.3314840982099443e-01
4.1988087172163996e-01
-2.4318486273076139e+00
-5.4850707029435606e+00
-2.2375086616797826e+00
-6.5723027861411276e-01
7.3412687783425778e-01
2.9849952253669529e-02
5.5604235101901089e-01
4.4341421477471299e-01
-1.0601909179284825e+00
7.4262191661624632e-01
-1.8517507482755843e-01
-4.1228311946545204e-01
3.6772152037279326e-01
-1.9171094723600041e-01
2.5779964075769668e-01
7.4262191661624777e-01
-8.4625851034615229e-01
-6.9759182967577138e-01
1.8999487702766877e+00
-1.9215584425827699e+00
4.3073601313199883e-01
-2.2762463578016230e+00
1.2129918947759784e+01
3.6476370018884047e+01
-1.3569564507913327e+01
1.0392979885159959e+00
1.0038659010675595e+00
-4.3245941704014512e-01
-4.2276542826395724e+00
-6.8918542590035192e-01
3.7817651826357821e+00
2.9355559335780296e-01
1.6607253744702319e+00
5.7474771489684944e+00
4.5877128053861540e+00
-4.8630260523574514e-01
-3.9798279568742672e+00
9.9556318652346731e-01
1.0392979885159921e+00
-1.0299948770276689e+01
-1.2242999999999720e+00
2.7443875200001050e-01
-1.4502855359999896e+00
7.7284455360000077e+00
2.3240521247999990e+01
-8.6457000000000104e+00
6.6217737599999715e-01
6.3960220800000089e-01
-2.7553679999999825e-01
-2.6936038079999998e+00
-4.3910697599999582e-01
2.4095104320000060e+00
1.8703574400000014e-01
1.0581130559999994e+00
3.6619423680000063e+00
2.9230111680000013e+00
-3.0984240000000068e-01
-2.5357039680000075e+00
6.3431222400000153e-01
6.6217737599999438e-01
-6.5625000000000009e+00
3.5445444258281311e-01
-7.9454410571992137e-02
4.1988087172163618e-01
-2.2375086616797786e+00
-6.7285028214440770e+00
2.5030685079133161e+00
-1.9171094723599846e-01
-1.8517507482755741e-01
7.9772313040148271e-02
7.7984140839957028e-01
1.2712849662036463e-01
-6.9759182967577005e-01
-5.4149841037803487e-02
-3.0634066279023359e-01
-1.0601909179284892e+00
-8.4625851034614985e-01
8.9704333235745740e-02
7.3412687783425556e-01
-1.8364353980346912e-01
-1.9171094723600185e-01
1.8999487702766913e+00
-1.0299948770276645e+01
-1.9215584425827910e+00
7.2182040982100160e-01
3.5629582786141158e+00
-1.3569564507913325e+01
2.1629892417581050e+02
-1.0299948770276705e+01
-1.9215584425828198e+00
7.2182040982099016e-01
3.5629582786141083e+00
-1.3569564507913309e+01
-1.0299948770276696e+01
-1.9215584425828176e+00
7.2182040982099205e-01
3.5629582786140896e+00
-1.0299948770276702e+01
-1.9215584425828187e+00
7.2182040982098661e-01
-1.0299948770276686e+01
-1.9215584425828109e+00
-1.0299948770276705e+01
-6.5624999999999760e+00
-1.2242999999999826e+00
4.5990000000000164e-01
2.2700999999999976e+00
-8.6457000000000122e+00
1.3781250000000017e+02
-6.5625000000000151e+00
-1.2243000000000024e+00
4.5990000000000114e-01
2.2700999999999993e+00
-8.6457000000000015e+00
-6.5625000000000036e+00
-1.2243000000000022e+00
4.5990000000000103e-01
2.2700999999999887e+00
-6.5625000000000142e+00
-1.2243000000000004e+00
4.5989999999999470e-01
-6.5625000000000107e+00
-1.2243000000000013e+00
-6.5625000000000107e+00
1.8999487702766771e+00
3.5445444258281206e-01
-1.3314840982099113e-01
-6.5723027861410743e-01
2.5030685079133188e+00
-3.9898924175810372e+01
1.8999487702766851e+00
3.5445444258281955e-01
-1.3314840982098949e-01
-6.5723027861411032e-01
2.5030685079133135e+00
1.8999487702766837e+00
3.5445444258281744e-01
-1.3314840982098941e-01
-6.5723027861410799e-01
1.8999487702766888e+00
3.5445444258281766e-01
-1.3314840982099135e-01
1.8999487702766893e+00
3.5445444258281739e-01
1.8999487702766829e+00
-1.3569564507913297e+01
-6.8918542590034604e-01
5.7474771489684908e+00
-3.9798279568742578e+00
1.0392979885160019e+00
-1.0299948770276703e+01
3.6476370018884090e+01
-4.2276542826395778e+00
1.6607253744702333e+00
-4.8630260523574714e-01
9.9556318652347342e-01
1.2129918947759782e+01
-4.3245941704014718e-01
2.9355559335780318e-01
4.5877128053861735e+00
-2.2762463578016434e+00
1.0038659010675568e+00
3.7817651826357830e+00
4.3073601313199444e-01
1.0392979885159976e+00
-1.9215584425828287e+00
-8.6456999999999944e+00
-4.3910697599999515e-01
3.6619423680000072e+00
-2.5357039680000009e+00
6.6217737600000126e-01
-6.5625000000000160e+00
2.3240521248000022e+01
-2.6936038080000038e+00
1.0581130560000001e+00
-3.0984240000000118e-01
6.3431222400000120e-01
7.7284455360000033e+00
-2.7553679999999919e-01
1.8703574399999992e-01
2.9230111680000146e+00
-1.4502855360000055e+00
6.3960220799999923e-01
2.4095104320000096e+00
2.7443875200000506e-01
6.6217737600000015e-01
-1.2243000000000057e+00
2.5030685079133157e+00
1.2712849662035922e-01
-1.0601909179284899e+00
7.3412687783425801e-01
-1.9171094723599774e-01
1.8999487702766866e+00
-6.7285028214440876e+00
7.7984140839957428e-01
-3.0634066279023303e-01
8.9704333235745476e-02
-1.8364353980346798e-01
-2.2375086616797799e+00
7.9772313040148105e-02
-5.4149841037802862e-02
-8.4625851034615618e-01
4.1988087172164179e-01
-1.8517507482755818e-01
-6.9759182967577460e-01
-7.9454410571984130e-02
-1.9171094723600107e-01
3.5445444258281827e-01
3.5629582786141132e+00
-4.2276542826395724e+00
-2.4038246544547119e+00
-1.6182172057367106e-01
1.0038659010675559e+00
-1.9215584425828214e+00
-4.2276542826395724e+00
5.4280019405292528e+00
8.1324097527481864e-01
-5.9598872080066689e-01
-4.8630260523574409e-01
-2.4038246544547119e+00
8.1324097527481776e-01
-2.6887948697143305e-01
-1.3975761527577002e+00
-1.6182172057366814e-01
-5.9598872080066612e-01
-1.3975761527576980e+00
1.0038659010675575e+00
-4.8630260523574514e-01
-1.9215584425828176e+00
2.2701000000000024e+00
-2.6936038079999998e+00
-1.5315706559999995e+00
-1.0310294400000154e-01
6.3960220799999901e-01
-1.2243000000000042e+00
-2.6936038079999998e+00
3.4583922239999980e+00
5.1814761600000059e-01
-3.7972771200000022e-01
-3.0984239999999852e-01
-1.5315706559999986e+00
5.1814761600000003e-01
-1.7131363199999983e-01
-8.9045040000000153e-01
-1.0310294399999845e-01
-3.7972771199999955e-01
-8.9045040000000053e-01
6.3960220800000067e-01
-3.0984240000000030e-01
-1.2242999999999993e+00
-6.5723027861411198e-01
7.7984140839957317e-01
4.4341421477471465e-01
2.9849952253669730e-02
-1.8517507482755802e-01
3.5445444258281922e-01
7.7984140839957528e-01
-1.0012598938092578e+00
-1.5001202679481815e-01
1.0993724944066699e-01
8.9704333235745184e-02
4.4341421477471388e-01
-1.5001202679481787e-01
4.9598038011433108e-02
2.5779964075769879e-01
2.9849952253668953e-02
1.0993724944066686e-01
2.5779964075769879e-01
-1.8517507482755904e-01
8.9704333235746697e-02
3.5445444258281805e-01
7.2182040982098794e-01
-4.3245941704014695e-01
-3.0144011350190087e+00
-3.0144011350190079e+00
-4.3245941704014867e-01
7.2182040982098772e-01
1.6607253744702346e+00
8.1324097527481720e-01
4.6740032382761489e+00
8.1324097527481487e-01
1.6607253744702357e+00
2.2350576372254536e+00
4.7933726899982421e-01
4.7933726899982354e-01
2.2350576372254638e+00
1.0038659010675584e+00
-2.6887948697143393e-01
1.0038659010675619e+00
2.9355559335780373e-01
2.9355559335780324e-01
-1.9215584425828192e+00
4.5989999999999975e-01
-2.7553680000000036e-01
-1.9205927999999992e+00
-1.9205927999999983e+00
-2.7553680000000047e-01
4.5989999999999925e-01
1.0581130560000014e+00
5.1814761599999926e-01
2.9779901759999987e+00
5.1814761599999748e-01
1.0581130560000021e+00
1.4240425920000015e+00
3.0540451199999963e-01
3.0540451199999918e-01
1.4240425920000077e+00
6.3960220799999978e-01
-1.7131363200000041e-01
6.3960220800000245e-01
1.8703574400000017e-01
1.8703574400000028e-01
-1.2242999999999993e+00
-1.3314840982099013e-01
7.9772313040149423e-02
5.5604235101901123e-01
5.5604235101901078e-01
7.9772313040148382e-02
-1.3314840982099035e-01
-3.0634066279023314e-01
-1.5001202679481848e-01
-8.6217581299615187e-01
-1.5001202679481743e-01
-3.0634066279023364e-01
-4.1228311946545049e-01
-8.8419493639824681e-02
-8.8419493639824473e-02
-4.1228311946545360e-01
-1.8517507482755832e-01
4.9598038011433476e-02
-1.8517507482755929e-01
-5.4149841037803369e-02
-5.4149841037803480e-02
3.5445444258281750e-01
-1.9215584425828174e+00
1.0038659010675561e+00
-1.6182172057366789e-01
-2.4038246544547119e+00
-4.2276542826395671e+00
3.5629582786141119e+00
-4.8630260523574836e-01
-5.9598872080066667e-01
8.1324097527481443e-01
5.4280019405292563e+00
-4.2276542826395795e+00
-1.3975761527577006e+00
-2.6887948697143316e-01
8.1324097527481798e-01
-2.4038246544547266e+00
-1.3975761527576986e+00
-5.9598872080066834e-01
-1.6182172057366939e-01
-4.8630260523574503e-01
1.0038659010675639e+00
-1.9215584425828252e+00
-1.2242999999999995e+00
6.3960220799999767e-01
-1.0310294399999931e-01
-1.5315706560000004e+00
-2.6936038079999984e+00
2.2701000000000024e+00
-3.0984240000000185e-01
-3.7972771199999972e-01
5.1814761599999748e-01
3.4583922240000007e+00
-2.6936038080000055e+00
-8.9045040000000264e-01
-1.7131363200000038e-01
5.1814761599999970e-01
-1.5315706560000086e+00
-8.9045040000000142e-01
-3.7972771200000105e-01
-1.0310294400000040e-01
-3.0984240000000041e-01
6.3960220800000278e-01
-1.2243000000000037e+00
3.5445444258281711e-01
-1.8517507482755755e-01
2.9849952253669640e-02
4.4341421477471343e-01
7.7984140839957183e-01
-6.5723027861410732e-01
8.9704333235745393e-02
1.0993724944066693e-01
-1.5001202679481759e-01
-1.0012598938092550e+00
7.7984140839957206e-01
2.5779964075769596e-01
4.9598038011433310e-02
-1.5001202679481823e-01
4.4341421477471599e-01
2.5779964075769596e-01
1.0993724944066682e-01
2.9849952253670427e-02
8.9704333235745004e-02
-1.8517507482755785e-01
3.5445444258281583e-01
-1.0299948770276693e+01
1.0392979885159963e+00
-3.9798279568742556e+00
5.7474771489684819e+00
-6.8918542590037601e-01
-1.3569564507913325e+01
9.9556318652347320e-01
-4.8630260523574542e-01
1.6607253744702346e+00
-4.2276542826395751e+00
3.6476370018884097e+01
4.5877128053861567e+00
2.9355559335780446e-01
-4.3245941704014906e-01
1.2129918947759817e+01
3.7817651826357719e+00
1.0038659010675601e+00
-2.2762463578016408e+00
1.0392979885159994e+00
4.3073601313197607e-01
-1.9215584425828045e+00
-6.5625000000000115e+00
6.6217737599999960e-01
-2.5357039680000009e+00
3.6619423680000023e+00
-4.3910697600000703e-01
-8.6457000000000157e+00
6.3431222399999798e-01
-3.0984239999999991e-01
1.0581130560000009e+00
-2.6936038080000038e+00
2.3240521248000025e+01
2.9230111679999999e+00
1.8703574400000189e-01
-2.7553680000000047e-01
7.7284455360000273e+00
2.4095104320000029e+00
6.3960220800000078e-01
-1.4502855359999958e+00
6.6217737600000348e-01
2.7443875200000062e-01
-1.2242999999999924e+00
1.8999487702766902e+00
-1.9171094723599624e-01
7.3412687783425956e-01
-1.0601909179284905e+00
1.2712849662035702e-01
2.5030685079133073e+00
-1.8364353980347142e-01
8.9704333235745268e-02
-3.0634066279023398e-01
7.7984140839957472e-01
-6.7285028214440885e+00
-8.4625851034615296e-01
-5.4149841037803452e-02
7.9772313040148798e-02
-2.2375086616797919e+00
-6.9759182967577138e-01
-1.8517507482755777e-01
4.1988087172163896e-01
-1.9171094723599838e-01
-7.9454410571987849e-02
3.5445444258282138e-01
3.5629582786141061e+00
5.7474771489684988e+00
-1.9934815510927852e+00
-4.0258810218962369e+00
3.7817651826357768e+00
-1.0299948770276696e+01
1.2129918947759784e+01
-2.4038246544547142e+00
2.2350576372254531e+00
-1.3975761527576993e+00
4.5877128053861602e+00
2.9735510833503572e+01
-3.0144011350190132e+00
1.0038659010675597e+00
1.0392979885160074e+00
1.3183469296747619e+01
-1.6182172057366950e-01
-4.0258810218962635e+00
-2.2762463578016288e+00
-3.9798279568742601e+00
7.2182040982098195e-01
2.2700999999999980e+00
3.6619423680000058e+00
-1.2701250239999964e+00
-2.5650461759999925e+00
2.4095104320000038e+00
-6.5625000000000062e+00
7.7284455360000015e+00
-1.5315706560000009e+00
1.4240425920000008e+00
-8.9045040000000142e-01
2.9230111680000053e+00
1.8945656352000011e+01
-1.9205928000000028e+00
6.3960220800000100e-01
6.6217737600000481e-01
8.3997036480000080e+00
-1.0310294400000057e-01
-2.5650461760000107e+00
-1.4502855359999940e+00
-2.5357039680000000e+00
4.5989999999999659e-01
-6.5723027861410754e-01
-1.0601909179284841e+00
3.6772152037279193e-01
7.4262191661624455e-01
-6.9759182967577105e-01
1.8999487702766820e+00
-2.2375086616797750e+00
4.4341421477471316e-01
-4.1228311946545021e-01
2.5779964075769601e-01
-8.4625851034614874e-01
-5.4850707029435455e+00
5.5604235101901001e-01
-1.8517507482755838e-01
-1.9171094723599880e-01
-2.4318486273076050e+00
2.9849952253668322e-02
7.4262191661624899e-01
4.1988087172163929e-01
7.3412687783425901e-01
-1.3314840982099052e-01
7.2182040982098683e-01
1.6607253744702293e+00
2.2350576372254469e+00
1.0038659010675566e+00
2.9355559335780468e-01
-1.9215584425828183e+00
-4.3245941704014657e-01
8.1324097527481709e-01
4.7933726899982504e-01
-2.6887948697143349e-01
2.9355559335780584e-01
-3.0144011350190110e+00
4.6740032382761481e+00
4.7933726899982348e-01
1.0038659010675646e+00
-3.0144011350190096e+00
8.1324097527481609e-01
2.2350576372254576e+00
-4.3245941704014862e-01
1.6607253744702353e+00
7.2182040982099438e-01
4.5989999999999975e-01
1.0581130559999976e+00
1.4240425919999986e+00
6.3960220799999989e-01
1.8703574400000161e-01
-1.2243000000000015e+00
-2.7553679999999792e-01
5.1814761599999970e-01
3.0540451200000052e-01
-1.7131363200000038e-01
1.8703574400000228e-01
-1.9205928000000008e+00
2.9779901760000000e+00
3.0540451199999913e-01
6.3960220800000434e-01
-1.9205928000000017e+00
5.1814761599999903e-01
1.4240425920000044e+00
-2.7553680000000175e-01
1.0581130560000016e+00
4.5990000000000214e-01
-1.3314840982099055e-01
-3.0634066279023436e-01
-4.1228311946545271e-01
-1.8517507482755891e-01
-5.4149841037803390e-02
3.5445444258281800e-01
7.9772313040148160e-02
-1.5001202679481840e-01
-8.8419493639824945e-02
4.9598038011433372e-02
-5.4149841037803154e-02
5.5604235101901023e-01
-8.6217581299615198e-01
-8.8419493639824515e-02
-1.8517507482755940e-01
5.5604235101900945e-01
-1.5001202679481726e-01
-4.1228311946545293e-01
7.9772313040147827e-02
-3.0634066279023525e-01
-1.3314840982098822e-01
-1.9215584425828141e+00
2.9355559335780262e-01
1.0038659010675577e+00
2.2350576372254509e+00
1.6607253744702335e+00
7.2182040982099349e-01
2.9355559335780285e-01
-2.6887948697143266e-01
4.7933726899982421e-01
8.1324097527481787e-01
-4.3245941704015034e-01
1.0038659010675597e+00
4.7933726899982393e-01
4.6740032382761481e+00
-3.0144011350190207e+00
2.2350576372254536e+00
8.1324097527481731e-01
-3.0144011350190145e+00
1.6607253744702315e+00
-4.3245941704014762e-01
7.2182040982098983e-01
-1.2242999999999966e+00
1.8703574400000011e-01
6.3960220799999978e-01
1.4240425920000008e+00
1.0581130560000012e+00
4.5990000000000281e-01
1.8703574399999903e-01
-1.7131363199999952e-01
3.0540451199999957e-01
5.1814761600000003e-01
-2.7553680000000180e-01
6.3960220799999989e-01
3.0540451199999935e-01
2.9779901759999983e+00
-1.9205928000000065e+00
1.4240425920000022e+00
5.1814761599999914e-01
-1.9205928000000025e+00
1.0581130560000012e+00
-2.7553679999999997e-01
4.5989999999999981e-01
3.5445444258281655e-01
-5.4149841037802807e-02
-1.8517507482755896e-01
-4.1228311946545210e-01
-3.0634066279023275e-01
-1.3314840982098977e-01
-5.4149841037802182e-02
4.9598038011433157e-02
-8.8419493639824126e-02
-1.5001202679481834e-01
7.9772313040148923e-02
-1.8517507482755829e-01
-8.8419493639824126e-02
-8.6217581299615109e-01
5.5604235101901522e-01
-4.1228311946545187e-01
-1.5001202679481807e-01
5.5604235101901389e-01
-3.0634066279023414e-01
7.9772313040149465e-02
-1.3314840982098941e-01
-1.0299948770276723e+01
3.7817651826357848e+00
-4.0258810218962626e+00
-1.9934815510927983e+00
5.7474771489684828e+00
3.5629582786140732e+00
4.5877128053861709e+00
-1.3975761527577013e+00
2.2350576372254638e+00
-2.4038246544547262e+00
1.2129918947759831e+01
1.0392979885160143e+00
1.0038659010675608e+00
-3.0144011350190203e+00
2.9735510833503653e+01
-4.0258810218962511e+00
-1.6182172057366787e-01
1.3183469296747642e+01
-3.9798279568742618e+00
-2.2762463578016479e+00
7.2182040982101137e-01
-6.5625000000000258e+00
2.4095104320000087e+00
-2.5650461760000089e+00
-1.2701250240000037e+00
3.6619423679999956e+00
2.2700999999999798e+00
2.9230111680000133e+00
-8.9045040000000297e-01
1.4240425920000077e+00
-1.5315706560000073e+00
7.7284455360000308e+00
6.6217737600000748e-01
6.3960220800000234e-01
-1.9205928000000061e+00
1.8945656352000061e+01
-2.5650461760000072e+00
-1.0310294399999866e-01
8.3997036480000222e+00
-2.5357039680000084e+00
-1.4502855360000031e+00
4.5990000000001552e-01
1.8999487702767019e+00
-6.9759182967577693e-01
7.4262191661625054e-01
3.6772152037279238e-01
-1.0601909179284958e+00
-6.5723027861411365e-01
-8.4625851034616117e-01
2.5779964075769918e-01
-4.1228311946545526e-01
4.4341421477471704e-01
-2.2375086616797915e+00
-1.9171094723600035e-01
-1.8517507482756038e-01
5.5604235101901456e-01
-5.4850707029435952e+00
7.4262191661625176e-01
2.9849952253670230e-02
-2.4318486273076294e+00
7.3412687783426367e-01
4.1988087172163380e-01
-1.3314840982098647e-01
7.2182040982099194e-01
-3.9798279568742503e+00
-4.0258810218962395e+00
1.0392979885160047e+00
4.5877128053861460e+00
-1.0299948770276702e+01
-2.2762463578016403e+00
-1.6182172057366859e-01
1.0038659010675590e+00
-1.3975761527576986e+00
3.7817651826357741e+00
1.3183469296747619e+01
-3.0144011350190110e+00
2.2350576372254523e+00
-4.0258810218962573e+00
2.9735510833503568e+01
-2.4038246544547182e+00
-1.9934815510927946e+00
1.2129918947759784e+01
5.7474771489684979e+00
3.5629582786140914e+00
4.5989999999999953e-01
-2.5357039679999955e+00
-2.5650461759999952e+00
6.6217737600000637e-01
2.9230111679999968e+00
-6.5625000000000142e+00
-1.4502855360000040e+00
-1.0310294399999945e-01
6.3960220800000023e-01
-8.9045040000000097e-01
2.4095104320000043e+00
8.3997036480000027e+00
-1.9205928000000003e+00
1.4240425920000019e+00
-2.5650461760000098e+00
1.8945656352000018e+01
-1.5315706560000055e+00
-1.2701250240000004e+00
7.7284455360000166e+00
3.6619423680000143e+00
2.2700999999999869e+00
-1.3314840982098991e-01
7.3412687783425989e-01
7.4262191661624632e-01
-1.9171094723600057e-01
-8.4625851034615152e-01
1.8999487702766866e+00
4.1988087172164235e-01
2.9849952253668894e-02
-1.8517507482755732e-01
2.5779964075769668e-01
-6.9759182967576883e-01
-2.4318486273076050e+00
5.5604235101901078e-01
-4.1228311946545204e-01
7.4262191661625077e-01
-5.4850707029435535e+00
4.4341421477471249e-01
3.6772152037279504e-01
-2.2375086616797812e+00
-1.0601909179284836e+00
-6.5723027861411099e-01
-1.9215584425828125e+00
-4.8630260523574831e-01
-1.3975761527577006e+00
-1.3975761527576982e+00
-4.8630260523574653e-01
-1.9215584425828192e+00
1.0038659010675575e+00
-5.9598872080066656e-01
-2.6887948697143349e-01
-5.9598872080066811e-01
1.0038659010675608e+00
-1.6182172057366634e-01
8.1324097527481576e-01
8.1324097527481820e-01
-1.6182172057366911e-01
-2.4038246544547150e+00
5.4280019405292563e+00
-2.4038246544547257e+00
-4.2276542826395742e+00
-4.2276542826395831e+00
3.5629582786141070e+00
-1.2242999999999971e+00
-3.0984240000000279e-01
-8.9045040000000442e-01
-8.9045040000000297e-01
-3.0984240000000135e-01
-1.2243000000000006e+00
6.3960220800000045e-01
-3.7972771199999988e-01
-1.7131363200000002e-01
-3.7972771200000055e-01
6.3960220800000100e-01
-1.0310294399999803e-01
5.1814761599999859e-01
5.1814761599999959e-01
-1.0310294399999896e-01
-1.5315706560000037e+00
3.4583922240000016e+00
-1.5315706560000084e+00
-2.6936038080000047e+00
-2.6936038080000086e+00
2.2700999999999976e+00
3.5445444258281622e-01
8.9704333235745254e-02
2.5779964075769657e-01
2.5779964075769662e-01
8.9704333235745698e-02
3.5445444258281711e-01
-1.8517507482755802e-01
1.0993724944066705e-01
4.9598038011433573e-02
1.0993724944066693e-01
-1.8517507482755793e-01
2.9849952253668235e-02
-1.5001202679481745e-01
-1.5001202679481801e-01
2.9849952253670528e-02
4.4341421477471338e-01
-1.0012598938092556e+00
4.4341421477471532e-01
7.7984140839957317e-01
7.7984140839957317e-01
-6.5723027861410754e-01
-1.0299948770276721e+01
4.5877128053861558e+00
1.0392979885159992e+00
-4.0258810218962502e+00
-3.9798279568742605e+00
7.2182040982098261e-01
3.7817651826357785e+00
-1.3975761527576989e+00
1.0038659010675612e+00
-1.6182172057366989e-01
-2.2762463578016394e+00
-4.0258810218962653e+00
2.2350576372254563e+00
-3.0144011350190176e+00
1.3183469296747655e+01
-1.9934815510927955e+00
-2.4038246544547253e+00
2.9735510833503625e+01
5.7474771489685050e+00
1.2129918947759812e+01
3.5629582786141025e+00
-6.5625000000000258e+00
2.9230111680000026e+00
6.6217737600000204e-01
-2.5650461760000032e+00
-2.5357039680000062e+00
4.5989999999999792e-01
2.4095104320000043e+00
-8.9045040000000075e-01
6.3960220800000200e-01
-1.0310294399999953e-01
-1.4502855360000020e+00
-2.5650461760000165e+00
1.4240425920000050e+00
-1.9205928000000057e+00
8.3997036480000293e+00
-1.2701250240000075e+00
-1.5315706560000080e+00
1.8945656352000054e+01
3.6619423680000072e+00
7.7284455360000273e+00
2.2700999999999967e+00
1.8999487702766928e+00
-8.4625851034615407e-01
-1.9171094723599963e-01
7.4262191661624843e-01
7.3412687783425645e-01
-1.3314840982098924e-01
-6.9759182967577626e-01
2.5779964075769862e-01
-1.8517507482755985e-01
2.9849952253670417e-02
4.1988087172163568e-01
7.4262191661624710e-01
-4.1228311946545232e-01
5.5604235101901234e-01
-2.4318486273076276e+00
3.6772152037279127e-01
4.4341421477471565e-01
-5.4850707029435695e+00
-1.0601909179284867e+00
-2.2375086616797870e+00
-6.5723027861410788e-01
-1.9215584425828123e+00
1.0392979885160025e+00
3.7817651826357745e+00
4.5877128053861522e+00
9.9556318652347142e-01
-1.0299948770276687e+01
4.3073601313199361e-01
1.0038659010675566e+00
2.9355559335780246e-01
-4.8630260523574592e-01
1.0392979885159921e+00
-2.2762463578016292e+00
-4.3245941704014862e-01
1.6607253744702311e+00
-3.9798279568742645e+00
1.2129918947759784e+01
-4.2276542826395760e+00
5.7474771489685015e+00
3.6476370018884069e+01
-6.8918542590036236e-01
-1.3569564507913302e+01
-1.2242999999999999e+00
6.6217737600000182e-01
2.4095104320000047e+00
2.9230111680000053e+00
6.3431222400000109e-01
-6.5625000000000053e+00
2.7443875200000123e-01
6.3960220799999989e-01
1.8703574399999914e-01
-3.0984240000000063e-01
6.6217737599999638e-01
-1.4502855360000018e+00
-2.7553679999999930e-01
1.0581130560000003e+00
-2.5357039680000066e+00
7.7284455360000095e+00
-2.6936038080000038e+00
3.6619423680000112e+00
2.3240521248000018e+01
-4.3910697600000481e-01
-8.6456999999999855e+00
3.5445444258281611e-01
-1.9171094723599610e-01
-6.9759182967577116e-01
-8.4625851034615351e-01
-1.8364353980347009e-01
1.8999487702766866e+00
-7.9454410571985018e-02
-1.8517507482755971e-01
-5.4149841037802911e-02
8.9704333235745184e-02
-1.9171094723599938e-01
4.1988087172164046e-01
7.9772313040149284e-02
-3.0634066279023431e-01
7.3412687783426267e-01
-2.2375086616797826e+00
7.7984140839957317e-01
-1.0601909179284812e+00
-6.7285028214440858e+00
1.2712849662036468e-01
2.5030685079133130e+00
-1.0299948770276703e+01
9.9556318652347131e-01
4.5877128053861558e+00
3.7817651826357719e+00
1.0392979885159987e+00
-1.9215584425828214e+00
1.0392979885159963e+00
-4.8630260523574509e-01
2.9355559335780301e-01
1.0038659010675612e+00
4.3073601313198434e-01
-3.9798279568742698e+00
1.6607253744702370e+00
-4.3245941704015090e-01
-2.2762463578016350e+00
5.7474771489684908e+00
-4.2276542826395813e+00
1.2129918947759821e+01
-6.8918542590035337e-01
3.6476370018884111e+01
-1.3569564507913318e+01
-6.5625000000000142e+00
6.3431222400000342e-01
2.9230111680000017e+00
2.4095104320000025e+00
6.6217737600000159e-01
-1.2243000000000055e+00
6.6217737599999671e-01
-3.0984240000000035e-01
1.8703574400000028e-01
6.3960220800000211e-01
2.7443875200000356e-01
-2.5357039680000035e+00
1.0581130560000016e+00
-2.7553680000000175e-01
-1.4502855359999975e+00
3.6619423680000089e+00
-2.6936038080000082e+00
7.7284455360000299e+00
-4.3910697599999876e-01
2.3240521248000032e+01
-8.6457000000000015e+00
1.8999487702766866e+00
-1.8364353980346976e-01
-8.4625851034615396e-01
-6.9759182967577094e-01
-1.9171094723599971e-01
3.5445444258281927e-01
-1.9171094723600104e-01
8.9704333235745656e-02
-5.4149841037803292e-02
-1.8517507482755807e-01
-7.9454410571985934e-02
7.3412687783425790e-01
-3.0634066279023392e-01
7.9772313040148604e-02
4.1988087172163635e-01
-1.0601909179284899e+00
7.7984140839957439e-01
-2.2375086616797857e+00
1.2712849662036091e-01
-6.7285028214440867e+00
2.5030685079133104e+00
-1.0299948770276703e+01
-1.0299948770276691e+01
-1.0299948770276696e+01
-1.0299948770276693e+01
-1.0299948770276695e+01
-1.0299948770276705e+01
-1.9215584425828183e+00
-1.9215584425828207e+00
-1.9215584425828185e+00
-1.9215584425828212e+00
-1.9215584425828078e+00
7.2182040982100049e-01
7.2182040982099005e-01
7.2182040982099127e-01
7.2182040982098827e-01
3.5629582786141074e+00
3.5629582786141043e+00
3.5629582786140954e+00
-1.3569564507913302e+01
-1.3569564507913297e+01
2.1629892417581036e+02
-6.5625000000000053e+00
-6.5625000000000071e+00
-6.5625000000000071e+00
-6.5625000000000053e+00
-6.5625000000000062e+00
-6.5625000000000151e+00
-1.2242999999999971e+00
-1.2243000000000004e+00
-1.2242999999999988e+00
-1.2243000000000011e+00
-1.2242999999999959e+00
4.5990000000000503e-01
4.5989999999999936e-01
4.5990000000000053e-01
4.5989999999999087e-01
2.2700999999999993e+00
2.2700999999999949e+00
2.2700999999999856e+00
-8.6456999999999873e+00
-8.6456999999999784e+00
1.3781249999999991e+02
1.8999487702766877e+00
1.8999487702766840e+00
1.8999487702766871e+00
1.8999487702766884e+00
1.8999487702766857e+00
1.8999487702766815e+00
3.5445444258281722e-01
3.5445444258281833e-01
3.5445444258281772e-01
3.5445444258281728e-01
3.5445444258281755e-01
-1.3314840982099055e-01
-1.3314840982099022e-01
-1.3314840982098844e-01
-1.3314840982099660e-01
-6.5723027861410233e-01
-6.5723027861410810e-01
-6.5723027861411298e-01
2.5030685079133201e+00
2.5030685079133113e+00
-3.9898924175810350e+01
2.3036913934064836e+02
-1.4452262806330671e+01
3.7947282228912980e+00
7.6877472785681045e-01
-2.0465555540662015e+00
-1.0969959016221321e+01
-1.4452262806330635e+01
3.7947282228912949e+00
7.6877472785679124e-01
-2.0465555540662592e+00
-1.0969959016221360e+01
3.7947282228912846e+00
7.6877472785679124e-01
-2.0465555540662503e+00
-1.0969959016221402e+01
7.6877472785680467e-01
-2.0465555540662499e+00
-1.0969959016221392e+01
-2.0465555540662499e+00
-1.0969959016221361e+01
-1.0969959016221361e+01
2.1629892417581055e+02
-1.3569564507913334e+01
3.5629582786141198e+00
7.2182040982100171e-01
-1.9215584425827721e+00
-1.0299948770276666e+01
-1.3569564507913306e+01
3.5629582786141181e+00
7.2182040982099083e-01
-1.9215584425828203e+00
-1.0299948770276698e+01
3.5629582786141119e+00
7.2182040982099094e-01
-1.9215584425828138e+00
-1.0299948770276737e+01
7.2182040982100026e-01
-1.9215584425828138e+00
-1.0299948770276728e+01
-1.9215584425828132e+00
-1.0299948770276705e+01
-1.0299948770276695e+01
1.2789000000000016e+02
-8.0232096000000119e+00
2.1066528000000049e+00
4.2678720000000825e-01
-1.1361503999999725e+00
-6.0899999999999910e+00
-8.0232095999999977e+00
2.1066528000000049e+00
4.2678719999999998e-01
-1.1361504000000031e+00
-6.0900000000000087e+00
2.1066528000000027e+00
4.2678719999999959e-01
-1.1361503999999985e+00
-6.0900000000000363e+00
4.2678720000000664e-01
-1.1361503999999973e+00
-6.0900000000000318e+00
-1.1361503999999980e+00
-6.0900000000000141e+00
-6.0900000000000150e+00
-1.4452262806330666e+01
3.8849152854275282e+01
1.2918968501183812e+01
-2.4243158692173115e+00
4.5875533133761254e-01
-2.0465555540662304e+00
-7.3401684273629830e-01
-4.5026626102396561e+00
-4.6059084243211795e-01
1.0691672393820466e+00
1.1069041792287933e+00
6.1213497442627931e+00
1.7687553308721855e+00
3.1265134419024121e-01
4.0277684858206397e+00
-4.2387152161874040e+00
-5.1793652258859990e-01
4.8861428901969290e+00
1.1069041792288046e+00
1.0603244344027747e+00
-1.0969959016221368e+01
-1.3569564507913318e+01
3.6476370018884090e+01
1.2129918947759780e+01
-2.2762463578016270e+00
4.3073601313200910e-01
-1.9215584425827874e+00
-6.8918542590037257e-01
-4.2276542826395707e+00
-4.3245941704014973e-01
1.0038659010675581e+00
1.0392979885159921e+00
5.7474771489684802e+00
1.6607253744702353e+00
2.9355559335780229e-01
3.7817651826357914e+00
-3.9798279568742640e+00
-4.8630260523574859e-01
4.5877128053861584e+00
1.0392979885160010e+00
9.9556318652346987e-01
-1.0299948770276700e+01
-8.0232096000000119e+00
2.1567203718144015e+01
7.1719974574080014e+00
-1.3458649774079932e+00
2.5467916185601408e-01
-1.1361503999999834e+00
-4.0749127372800231e-01
-2.4996643338240001e+00
-2.5569815040000038e-01
5.9355084902399913e-01
6.1450060492799818e-01
3.3982825175040010e+00
9.8192891596800103e-01
1.7356917043199918e-01
2.2360256808960153e+00
-2.3531332823040039e+00
-2.8753374720000191e-01
2.7125543639040055e+00
6.1450060492800140e-01
5.8864174387200052e-01
-6.0900000000000150e+00
3.7947282228913006e+00
1.2918968501183818e+01
3.1669801709234825e+01
1.4041052154966085e+01
-2.4243158692172759e+00
7.6877472785680168e-01
6.1213497442627851e+00
-2.5601931164597684e+00
-3.2104875128152095e+00
-1.7234820116293426e-01
-4.2387152161874218e+00
-2.1231572508582386e+00
2.3804478280523611e+00
1.0691672393820457e+00
-4.2877640267330106e+00
-4.2877640267329991e+00
-1.4884882886061617e+00
1.1069041792288075e+00
4.0277684858206149e+00
4.8861428901969317e+00
-1.0969959016221363e+01
3.5629582786141225e+00
1.2129918947759778e+01
2.9735510833503547e+01
1.3183469296747612e+01
-2.2762463578016079e+00
7.2182040982100393e-01
5.7474771489684846e+00
-2.4038246544547115e+00
-3.0144011350190123e+00
-1.6182172057366737e-01
-3.9798279568742765e+00
-1.9934815510927990e+00
2.2350576372254531e+00
1.0038659010675584e+00
-4.0258810218962591e+00
-4.0258810218962511e+00
-1.3975761527577013e+00
1.0392979885160061e+00
3.7817651826357710e+00
4.5877128053861593e+00
-1.0299948770276700e+01
2.1066528000000075e+00
7.1719974574079979e+00
1.7581569094655997e+01
7.7949249853440010e+00
-1.3458649774079827e+00
4.2678720000000686e-01
3.3982825175040019e+00
-1.4212975687679998e+00
-1.7823101184000005e+00
-9.5679532031998832e-02
-2.3531332823040110e+00
-1.1786760222720032e+00
1.3215115253760010e+00
5.9355084902400002e-01
-2.3803628513280097e+00
-2.3803628513280017e+00
-8.2633797120000263e-01
6.1450060492800296e-01
2.2360256808959993e+00
2.7125543639040059e+00
-6.0900000000000114e+00
7.6877472785681478e-01
-2.4243158692173115e+00
1.4041052154966083e+01
3.1669801709234843e+01
1.2918968501183842e+01
3.7947282228912833e+00
-4.2387152161874129e+00
-1.7234820116293270e-01
-3.2104875128152051e+00
-2.5601931164597747e+00
6.1213497442627975e+00
-4.2877640267329902e+00
1.0691672393820471e+00
2.3804478280523620e+00
-2.1231572508582315e+00
1.1069041792288070e+00
-1.4884882886061594e+00
-4.2877640267330035e+00
4.8861428901969193e+00
4.0277684858206166e+00
-1.0969959016221360e+01
7.2182040982100504e-01
-2.2762463578016230e+00
1.3183469296747607e+01
2.9735510833503550e+01
1.2129918947759803e+01
3.5629582786141070e+00
-3.9798279568742680e+00
-1.6182172057366775e-01
-3.0144011350190079e+00
-2.4038246544547164e+00
5.7474771489684962e+00
-4.0258810218962386e+00
1.0038659010675597e+00
2.2350576372254527e+00
-1.9934815510927899e+00
1.0392979885160081e+00
-1.3975761527576998e+00
-4.0258810218962520e+00
4.5877128053861567e+00
3.7817651826357706e+00
-1.0299948770276698e+01
4.2678720000001386e-01
-1.3458649774079883e+00
7.7949249853440090e+00
1.7581569094656004e+01
7.1719974574080076e+00
2.1066528000000018e+00
-2.3531332823040074e+00
-9.5679532031999512e-02
-1.7823101183999990e+00
-1.4212975687680014e+00
3.3982825175040032e+00
-2.3803628513279973e+00
5.9355084902400079e-01
1.3215115253760010e+00
-1.1786760222719999e+00
6.1450060492800385e-01
-8.2633797120000207e-01
-2.3803628513280013e+00
2.7125543639040024e+00
2.2360256808960011e+00
-6.0900000000000087e+00
-2.0465555540662010e+00
4.5875533133759894e-01
-2.4243158692173008e+00
1.2918968501183832e+01
3.8849152854275246e+01
-1.4452262806330674e+01
1.1069041792287941e+00
1.0691672393820497e+00
-4.6059084243211462e-01
-4.5026626102396623e+00
-7.3401684273627477e-01
4.0277684858206326e+00
3.1265134419024176e-01
1.7687553308721859e+00
6.1213497442628038e+00
4.8861428901969317e+00
-5.1793652258859646e-01
-4.2387152161874191e+00
1.0603244344027762e+00
1.1069041792287906e+00
-1.0969959016221352e+01
-1.9215584425827721e+00
4.3073601313200732e-01
-2.2762463578016261e+00
1.2129918947759785e+01
3.6476370018884069e+01
-1.3569564507913336e+01
1.0392979885159928e+00
1.0038659010675601e+00
-4.3245941704014523e-01
-4.2276542826395742e+00
-6.8918542590035647e-01
3.7817651826357856e+00
2.9355559335780257e-01
1.6607253744702331e+00
5.7474771489684953e+00
4.5877128053861602e+00
-4.8630260523574653e-01
-3.9798279568742703e+00
9.9556318652347364e-01
1.0392979885159916e+00
-1.0299948770276689e+01
-1.1361503999999769e+00
2.5467916185601536e-01
-1.3458649774079898e+00
7.1719974574080103e+00
2.1567203718144004e+01
-8.0232096000000102e+00
6.1450060492799752e-01
5.9355084902400013e-01
-2.5569815039999821e-01
-2.4996643338240019e+00
-4.0749127372799365e-01
2.2360256808960091e+00
1.7356917043200026e-01
9.8192891596800014e-01
3.3982825175040117e+00
2.7125543639040037e+00
-2.8753374720000052e-01
-2.3531332823040043e+00
5.8864174387200097e-01
6.1450060492799641e-01
-6.0900000000000079e+00
-1.0969959016221313e+01
-2.0465555540662326e+00
7.6877472785680745e-01
3.7947282228913015e+00
-1.4452262806330660e+01
2.3036913934064853e+02
-1.0969959016221367e+01
-2.0465555540662561e+00
7.6877472785679302e-01
3.7947282228912895e+00
-1.4452262806330660e+01
-1.0969959016221367e+01
-2.0465555540662534e+00
7.6877472785679624e-01
3.7947282228912655e+00
-1.0969959016221374e+01
-2.0465555540662561e+00
7.6877472785678869e-01
-1.0969959016221356e+01
-2.0465555540662437e+00
-1.0969959016221377e+01
-1.0299948770276641e+01
-1.9215584425827956e+00
7.2182040982099815e-01
3.5629582786141087e+00
-1.3569564507913327e+01
2.1629892417581058e+02
-1.0299948770276702e+01
-1.9215584425828218e+00
7.2182040982099049e-01
3.5629582786141119e+00
-1.3569564507913334e+01
-1.0299948770276693e+01
-1.9215584425828214e+00
7.2182040982099360e-01
3.5629582786140870e+00
-1.0299948770276712e+01
-1.9215584425828189e+00
7.2182040982098228e-01
-1.0299948770276707e+01
-1.9215584425828185e+00
-1.0299948770276703e+01
-6.0899999999999848e+00
-1.1361503999999887e+00
4.2678720000000897e-01
2.1066528000000062e+00
-8.0232096000000102e+00
1.2789000000000020e+02
-6.0900000000000123e+00
-1.1361504000000020e+00
4.2678719999999920e-01
2.1066528000000013e+00
-8.0232096000000119e+00
-6.0900000000000123e+00
-1.1361504000000011e+00
4.2678720000000253e-01
2.1066527999999853e+00
-6.0900000000000167e+00
-1.1361504000000009e+00
4.2678719999999476e-01
-6.0900000000000052e+00
-1.1361504000000013e+00
-6.0900000000000167e+00
-1.4452262806330650e+01
-7.3401684273627210e-01
6.1213497442627958e+00
-4.2387152161874093e+00
1.1069041792287968e+00
-1.0969959016221360e+01
3.8849152854275289e+01
-4.5026626102396667e+00
1.7687553308721873e+00
-5.1793652258859757e-01
1.0603244344027791e+00
1.2918968501183819e+01
-4.6059084243211640e-01
3.1265134419024160e-01
4.8861428901969512e+00
-2.4243158692173297e+00
1.0691672393820466e+00
4.0277684858206335e+00
4.5875533133759577e-01
1.1069041792287941e+00
-2.0465555540662650e+00
-1.3569564507913324e+01
-6.8918542590035481e-01
5.7474771489684962e+00
-3.9798279568742614e+00
1.0392979885159974e+00
-1.0299948770276700e+01
3.6476370018884118e+01
-4.2276542826395813e+00
1.6607253744702335e+00
-4.8630260523574620e-01
9.9556318652346898e-01
1.2129918947759775e+01
-4.3245941704014690e-01
2.9355559335780251e-01
4.5877128053861798e+00
-2.2762463578016563e+00
1.0038659010675581e+00
3.7817651826357888e+00
4.3073601313199134e-01
1.0392979885159976e+00
-1.9215584425828238e+00
-8.0232096000000048e+00
-4.0749127372799449e-01
3.3982825175040010e+00
-2.3531332823040048e+00
6.1450060492800218e-01
-6.0900000000000114e+00
2.1567203718144025e+01
-2.4996643338240072e+00
9.8192891596800169e-01
-2.8753374720000147e-01
5.8864174387200319e-01
7.1719974574080076e+00
-2.5569815039999977e-01
1.7356917043199976e-01
2.7125543639040206e+00
-1.3458649774080058e+00
5.9355084902400046e-01
2.2360256808960108e+00
2.5467916185600081e-01
6.1450060492799896e-01
-1.1361504000000029e+00
3.7947282228912913e+00
-4.5026626102396605e+00
-2.5601931164597689e+00
-1.7234820116293584e-01
1.0691672393820455e+00
-2.0465555540662597e+00
-4.5026626102396579e+00
5.7810927176074038e+00
8.6614218847585500e-01
-6.3475770483253469e-01
-5.1793652258859513e-01
-2.5601931164597707e+00
8.6614218847585456e-01
-2.8637006048914676e-01
-1.4884882886061617e+00
-1.7234820116293489e-01
-6.3475770483253269e-01
-1.4884882886061594e+00
1.0691672393820455e+00
-5.1793652258859635e-01
-2.0465555540662539e+00
3.5629582786141145e+00
-4.2276542826395742e+00
-2.4038246544547137e+00
-1.6182172057367059e-01
1.0038659010675577e+00
-1.9215584425828260e+00
-4.2276542826395751e+00
5.4280019405292563e+00
8.1324097527481887e-01
-5.9598872080066856e-01
-4.8630260523574226e-01
-2.4038246544547133e+00
8.1324097527481864e-01
-2.6887948697143355e-01
-1.3975761527577002e+00
-1.6182172057366775e-01
-5.9598872080066634e-01
-1.3975761527576991e+00
1.0038659010675592e+00
-4.8630260523574653e-01
-1.9215584425828174e+00
2.1066528000000049e+00
-2.4996643338240023e+00
-1.4212975687680005e+00
-9.5679532032000067e-02
5.9355084902399935e-01
-1.1361504000000044e+00
-2.4996643338240041e+00
3.2093879838720016e+00
4.8084098764800021e-01
-3.5238731673600082e-01
-2.8753374719999897e-01
-1.4212975687680016e+00
4.8084098764800043e-01
-1.5897905049600008e-01
-8.2633797120000385e-01
-9.5679532031999234e-02
-3.5238731673599977e-01
-8.2633797120000274e-01
5.9355084902400068e-01
-2.8753374720000069e-01
-1.1361504000000009e+00
7.6877472785678991e-01
-4.6059084243211579e-01
-3.2104875128152082e+00
-3.2104875128152091e+00
-4.6059084243212095e-01
7.6877472785679102e-01
1.7687553308721897e+00
8.6614218847585367e-01
4.9780465038369233e+00
8.6614218847585278e-01
1.7687553308721911e+00
2.3804478280523647e+00
5.1051809219185973e-01
5.1051809219185862e-01
2.3804478280523780e+00
1.0691672393820468e+00
-2.8637006048914765e-01
1.0691672393820522e+00
3.1265134419024393e-01
3.1265134419024254e-01
-2.0465555540662583e+00
7.2182040982098838e-01
-4.3245941704014795e-01
-3.0144011350190105e+00
-3.0144011350190101e+00
-4.3245941704014956e-01
7.2182040982098872e-01
1.6607253744702355e+00
8.1324097527481776e-01
4.6740032382761525e+00
8.1324097527481520e-01
1.6607253744702375e+00
2.2350576372254531e+00
4.7933726899982448e-01
4.7933726899982343e-01
2.2350576372254660e+00
1.0038659010675588e+00
-2.6887948697143443e-01
1.0038659010675635e+00
2.9355559335780496e-01
2.9355559335780418e-01
-1.9215584425828194e+00
4.2678719999999931e-01
-2.5569815039999949e-01
-1.7823101183999996e+00
-1.7823101183999990e+00
-2.5569815039999982e-01
4.2678719999999953e-01
9.8192891596800147e-01
4.8084098764800004e-01
2.7635748833280007e+00
4.8084098764799804e-01
9.8192891596800269e-01
1.3215115253760017e+00
2.8341538713600001e-01
2.8341538713599951e-01
1.3215115253760097e+00
5.9355084902400002e-01
-1.5897905049600050e-01
5.9355084902400312e-01
1.7356917043200074e-01
1.7356917043200021e-01
-1.1361504000000022e+00
-2.0465555540662552e+00
1.0691672393820475e+00
-1.7234820116293190e-01
-2.5601931164597711e+00
-4.5026626102396579e+00
3.7947282228912926e+00
-5.1793652258859912e-01
-6.3475770483253491e-01
8.6614218847585078e-01
5.7810927176074092e+00
-4.5026626102396685e+00
-1.4884882886061628e+00
-2.8637006048914643e-01
8.6614218847585456e-01
-2.5601931164597875e+00
-1.4884882886061619e+00
-6.3475770483253546e-01
-1.7234820116293378e-01
-5.1793652258859735e-01
1.0691672393820559e+00
-2.0465555540662637e+00
-1.9215584425828152e+00
1.0038659010675557e+00
-1.6182172057366714e-01
-2.4038246544547146e+00
-4.2276542826395733e+00
3.5629582786141141e+00
-4.8630260523574670e-01
-5.9598872080066778e-01
8.1324097527481432e-01
5.4280019405292581e+00
-4.2276542826395813e+00
-1.3975761527576995e+00
-2.6887948697143382e-01
8.1324097527481809e-01
-2.4038246544547293e+00
-1.3975761527576998e+00
-5.9598872080066845e-01
-1.6182172057367003e-01
-4.8630260523574698e-01
1.0038659010675635e+00
-1.9215584425828225e+00
-1.1361503999999980e+00
5.9355084902399768e-01
-9.5679532031998887e-02
-1.4212975687680005e+00
-2.4996643338240006e+00
2.1066528000000027e+00
-2.8753374720000152e-01
-3.5238731673600004e-01
4.8084098764799799e-01
3.2093879838720030e+00
-2.4996643338240077e+00
-8.2633797120000285e-01
-1.5897905049600020e-01
4.8084098764800071e-01
-1.4212975687680121e+00
-8.2633797120000219e-01
-3.5238731673600093e-01
-9.5679532032001996e-02
-2.8753374720000063e-01
5.9355084902400335e-01
-1.1361504000000042e+00
-1.0969959016221358e+01
1.1069041792287957e+00
-4.2387152161874102e+00
6.1213497442627842e+00
-7.3401684273630774e-01
-1.4452262806330673e+01
1.0603244344027816e+00
-5.1793652258859613e-01
1.7687553308721915e+00
-4.5026626102396623e+00
3.8849152854275310e+01
4.8861428901969362e+00
3.1265134419024271e-01
-4.6059084243212017e-01
1.2918968501183882e+01
4.0277684858206202e+00
1.0691672393820506e+00
-2.4243158692173243e+00
1.1069041792287952e+00
4.5875533133756402e-01
-2.0465555540662361e+00
-1.0299948770276705e+01
1.0392979885159987e+00
-3.9798279568742601e+00
5.7474771489684908e+00
-6.8918542590037102e-01
-1.3569564507913340e+01
9.9556318652347109e-01
-4.8630260523574548e-01
1.6607253744702375e+00
-4.2276542826395787e+00
3.6476370018884133e+01
4.5877128053861602e+00
2.9355559335780540e-01
-4.3245941704014984e-01
1.2129918947759837e+01
3.7817651826357768e+00
1.0038659010675601e+00
-2.2762463578016399e+00
1.0392979885160019e+00
4.3073601313198018e-01
-1.9215584425828089e+00
-6.0900000000000150e+00
6.1450060492800052e-01
-2.3531332823040034e+00
3.3982825175040019e+00
-4.0749127372800581e-01
-8.0232096000000102e+00
5.8864174387200219e-01
-2.8753374720000063e-01
9.8192891596800247e-01
-2.4996643338240054e+00
2.1567203718144036e+01
2.7125543639040055e+00
1.7356917043200129e-01
-2.5569815040000254e-01
7.1719974574080450e+00
2.2360256808960024e+00
5.9355084902400090e-01
-1.3458649774079932e+00
6.1450060492800085e-01
2.5467916185599476e-01
-1.1361503999999929e+00
3.7947282228912926e+00
6.1213497442628046e+00
-2.1231572508582297e+00
-4.2877640267329920e+00
4.0277684858206229e+00
-1.0969959016221363e+01
1.2918968501183828e+01
-2.5601931164597724e+00
2.3804478280523655e+00
-1.4884882886061610e+00
4.8861428901969362e+00
3.1669801709234878e+01
-3.2104875128152139e+00
1.0691672393820486e+00
1.1069041792288110e+00
1.4041052154966115e+01
-1.7234820116293667e-01
-4.2877640267330159e+00
-2.4243158692172884e+00
-4.2387152161874146e+00
7.6877472785678314e-01
3.5629582786141132e+00
5.7474771489684926e+00
-1.9934815510927908e+00
-4.0258810218962404e+00
3.7817651826357750e+00
-1.0299948770276698e+01
1.2129918947759784e+01
-2.4038246544547155e+00
2.2350576372254540e+00
-1.3975761527576989e+00
4.5877128053861629e+00
2.9735510833503582e+01
-3.0144011350190172e+00
1.0038659010675610e+00
1.0392979885160072e+00
1.3183469296747639e+01
-1.6182172057367150e-01
-4.0258810218962617e+00
-2.2762463578016177e+00
-3.9798279568742578e+00
7.2182040982098417e-01
2.1066527999999969e+00
3.3982825175040086e+00
-1.1786760222719992e+00
-2.3803628513279973e+00
2.2360256808960051e+00
-6.0900000000000070e+00
7.1719974574080094e+00
-1.4212975687680025e+00
1.3215115253760024e+00
-8.2633797120000230e-01
2.7125543639040099e+00
1.7581569094656025e+01
-1.7823101184000043e+00
5.9355084902400146e-01
6.1450060492800818e-01
7.7949249853440152e+00
-9.5679532032000247e-02
-2.3803628513280106e+00
-1.3458649774079920e+00
-2.3531332823040043e+00
4.2678719999999570e-01
7.6877472785678891e-01
1.7687553308721835e+00
2.3804478280523571e+00
1.0691672393820437e+00
3.1265134419024287e-01
-2.0465555540662561e+00
-4.6059084243211734e-01
8.6614218847585434e-01
5.1051809219186062e-01
-2.8637006048914687e-01
3.1265134419024426e-01
-3.2104875128152135e+00
4.9780465038369215e+00
5.1051809219185784e-01
1.0691672393820542e+00
-3.2104875128152135e+00
8.6614218847585300e-01
2.3804478280523704e+00
-4.6059084243212089e-01
1.7687553308721902e+00
7.6877472785679724e-01
7.2182040982098916e-01
1.6607253744702333e+00
2.2350576372254509e+00
1.0038659010675566e+00
2.9355559335780379e-01
-1.9215584425828229e+00
-4.3245941704014612e-01
8.1324097527481842e-01
4.7933726899982559e-01
-2.6887948697143388e-01
2.9355559335780468e-01
-3.0144011350190145e+00
4.6740032382761534e+00
4.7933726899982271e-01
1.0038659010675655e+00
-3.0144011350190176e+00
8.1324097527481709e-01
2.2350576372254602e+00
-4.3245941704015195e-01
1.6607253744702366e+00
7.2182040982099260e-01
4.2678719999999898e-01
9.8192891596799858e-01
1.3215115253759988e+00
5.9355084902399913e-01
1.7356917043200079e-01
-1.1361504000000022e+00
-2.5569815039999944e-01
4.8084098764800054e-01
2.8341538713600034e-01
-1.5897905049600033e-01
1.7356917043200099e-01
-1.7823101184000045e+00
2.7635748833280016e+00
2.8341538713599912e-01
5.9355084902400435e-01
-1.7823101184000045e+00
4.8084098764799960e-01
1.3215115253760050e+00
-2.5569815040000177e-01
9.8192891596800158e-01
4.2678720000000275e-01
-2.0465555540662490e+00
3.1265134419024154e-01
1.0691672393820451e+00
2.3804478280523611e+00
1.7687553308721864e+00
7.6877472785679435e-01
3.1265134419024126e-01
-2.8637006048914615e-01
5.1051809219185962e-01
8.6614218847585400e-01
-4.6059084243211956e-01
1.0691672393820502e+00
5.1051809219185840e-01
4.9780465038369179e+00
-3.2104875128152202e+00
2.3804478280523664e+00
8.6614218847585367e-01
-3.2104875128152135e+00
1.7687553308721864e+00
-4.6059084243211890e-01
7.6877472785679213e-01
-1.9215584425828163e+00
2.9355559335780296e-01
1.0038659010675566e+00
2.2350576372254509e+00
1.6607253744702344e+00
7.2182040982099216e-01
2.9355559335780140e-01
-2.6887948697143299e-01
4.7933726899982398e-01
8.1324097527481742e-01
-4.3245941704014862e-01
1.0038659010675604e+00
4.7933726899982310e-01
4.6740032382761489e+00
-3.0144011350190216e+00
2.2350576372254571e+00
8.1324097527481731e-01
-3.0144011350190163e+00
1.6607253744702359e+00
-4.3245941704014956e-01
7.2182040982098972e-01
-1.1361503999999982e+00
1.7356917043199990e-01
5.9355084902400002e-01
1.3215115253760010e+00
9.8192891596800069e-01
4.2678720000000259e-01
1.7356917043199929e-01
-1.5897905049599981e-01
2.8341538713599984e-01
4.8084098764800037e-01
-2.5569815040000149e-01
5.9355084902400124e-01
2.8341538713599956e-01
2.7635748833280012e+00
-1.7823101184000094e+00
1.3215115253760032e+00
4.8084098764800021e-01
-1.7823101184000056e+00
9.8192891596800069e-01
-2.5569815040000060e-01
4.2678720000000103e-01
-1.0969959016221393e+01
4.0277684858206362e+00
-4.2877640267330195e+00
-2.1231572508582452e+00
6.1213497442627895e+00
3.7947282228912509e+00
4.8861428901969459e+00
-1.4884882886061619e+00
2.3804478280523780e+00
-2.5601931164597849e+00
1.2918968501183890e+01
1.1069041792288163e+00
1.0691672393820502e+00
-3.2104875128152197e+00
3.1669801709234974e+01
-4.2877640267330097e+00
-1.7234820116293148e-01
1.4041052154966120e+01
-4.2387152161874155e+00
-2.4243158692173346e+00
7.6877472785681311e-01
-1.0299948770276728e+01
3.7817651826357888e+00
-4.0258810218962600e+00
-1.9934815510927972e+00
5.7474771489684899e+00
3.5629582786140879e+00
4.5877128053861727e+00
-1.3975761527577009e+00
2.2350576372254647e+00
-2.4038246544547253e+00
1.2129918947759824e+01
1.0392979885160072e+00
1.0038659010675641e+00
-3.0144011350190221e+00
2.9735510833503671e+01
-4.0258810218962644e+00
-1.6182172057366701e-01
1.3183469296747653e+01
-3.9798279568742707e+00
-2.2762463578016479e+00
7.2182040982100448e-01
-6.0900000000000309e+00
2.2360256808960144e+00
-2.3803628513280102e+00
-1.1786760222720050e+00
3.3982825175040072e+00
2.1066527999999809e+00
2.7125543639040148e+00
-8.2633797120000319e-01
1.3215115253760088e+00
-1.4212975687680092e+00
7.1719974574080343e+00
6.1450060492800573e-01
5.9355084902400357e-01
-1.7823101184000096e+00
1.7581569094656086e+01
-2.3803628513280115e+00
-9.5679532031998915e-02
7.7949249853440365e+00
-2.3531332823040056e+00
-1.3458649774080074e+00
4.2678720000000675e-01
7.6877472785680234e-01
-4.2387152161874013e+00
-4.2877640267329946e+00
1.1069041792288037e+00
4.8861428901969193e+00
-1.0969959016221376e+01
-2.4243158692173141e+00
-1.7234820116293514e-01
1.0691672393820488e+00
-1.4884882886061621e+00
4.0277684858206237e+00
1.4041052154966117e+01
-3.2104875128152135e+00
2.3804478280523629e+00
-4.2877640267330097e+00
3.1669801709234893e+01
-2.5601931164597782e+00
-2.1231572508582364e+00
1.2918968501183841e+01
6.1213497442628020e+00
3.7947282228912758e+00
7.2182040982099194e-01
-3.9798279568742534e+00
-4.0258810218962431e+00
1.0392979885160067e+00
4.5877128053861496e+00
-1.0299948770276712e+01
-2.2762463578016519e+00
-1.6182172057366906e-01
1.0038659010675592e+00
-1.3975761527577000e+00
3.7817651826357808e+00
1.3183469296747626e+01
-3.0144011350190167e+00
2.2350576372254554e+00
-4.0258810218962608e+00
2.9735510833503607e+01
-2.4038246544547226e+00
-1.9934815510927923e+00
1.2129918947759812e+01
5.7474771489685059e+00
3.5629582786140976e+00
4.2678720000000037e-01
-2.3531332823039954e+00
-2.3803628513279982e+00
6.1450060492800329e-01
2.7125543639039984e+00
-6.0900000000000123e+00
-1.3458649774080047e+00
-9.5679532031999970e-02
5.9355084902400068e-01
-8.2633797120000241e-01
2.2360256808960046e+00
7.7949249853440152e+00
-1.7823101184000039e+00
1.3215115253760028e+00
-2.3803628513280088e+00
1.7581569094656032e+01
-1.4212975687680047e+00
-1.1786760222720016e+00
7.1719974574080130e+00
3.3982825175040108e+00
2.1066527999999942e+00
-2.0465555540662486e+00
-5.1793652258860046e-01
-1.4884882886061614e+00
-1.4884882886061590e+00
-5.1793652258859746e-01
-2.0465555540662566e+00
1.0691672393820466e+00
-6.3475770483253258e-01
-2.8637006048914715e-01
-6.3475770483253535e-01
1.0691672393820502e+00
-1.7234820116293209e-01
8.6614218847585223e-01
8.6614218847585500e-01
-1.7234820116293598e-01
-2.5601931164597738e+00
5.7810927176074074e+00
-2.5601931164597862e+00
-4.5026626102396614e+00
-4.5026626102396721e+00
3.7947282228912842e+00
-1.9215584425828127e+00
-4.8630260523574953e-01
-1.3975761527576998e+00
-1.3975761527576982e+00
-4.8630260523574748e-01
-1.9215584425828172e+00
1.0038659010675597e+00
-5.9598872080066678e-01
-2.6887948697143410e-01
-5.9598872080066834e-01
1.0038659010675599e+00
-1.6182172057366659e-01
8.1324097527481587e-01
8.1324097527481765e-01
-1.6182172057367020e-01
-2.4038246544547190e+00
5.4280019405292590e+00
-2.4038246544547275e+00
-4.2276542826395804e+00
-4.2276542826395849e+00
3.5629582786141047e+00
-1.1361503999999989e+00
-2.8753374720000252e-01
-8.2633797120000285e-01
-8.2633797120000130e-01
-2.8753374720000069e-01
-1.1361504000000022e+00
5.9355084902400113e-01
-3.5238731673599988e-01
-1.5897905049600022e-01
-3.5238731673600088e-01
5.9355084902400190e-01
-9.5679532031998707e-02
4.8084098764799921e-01
4.8084098764800054e-01
-9.5679532032000039e-02
-1.4212975687680036e+00
3.2093879838720030e+00
-1.4212975687680087e+00
-2.4996643338240045e+00
-2.4996643338240077e+00
2.1066527999999987e+00
-1.0969959016221386e+01
4.8861428901969308e+00
1.1069041792288037e+00
-4.2877640267330062e+00
-4.2387152161874146e+00
7.6877472785678935e-01
4.0277684858206282e+00
-1.4884882886061619e+00
1.0691672393820499e+00
-1.7234820116293370e-01
-2.4243158692173217e+00
-4.2877640267330213e+00
2.3804478280523687e+00
-3.2104875128152153e+00
1.4041052154966133e+01
-2.1231572508582452e+00
-2.5601931164597835e+00
3.1669801709234925e+01
6.1213497442628082e+00
1.2918968501183862e+01
3.7947282228912851e+00
-1.0299948770276721e+01
4.5877128053861576e+00
1.0392979885160070e+00
-4.0258810218962546e+00
-3.9798279568742667e+00
7.2182040982099094e-01
3.7817651826357839e+00
-1.3975761527577002e+00
1.0038659010675610e+00
-1.6182172057366734e-01
-2.2762463578016523e+00
-4.0258810218962724e+00
2.2350576372254607e+00
-3.0144011350190181e+00
1.3183469296747655e+01
-1.9934815510928086e+00
-2.4038246544547253e+00
2.9735510833503636e+01
5.7474771489684962e+00
1.2129918947759817e+01
3.5629582786141083e+00
-6.0900000000000238e+00
2.7125543639040046e+00
6.1450060492800340e-01
-2.3803628513280022e+00
-2.3531332823040003e+00
4.2678719999999870e-01
2.2360256808960073e+00
-8.2633797120000307e-01
5.9355084902400157e-01
-9.5679532031999970e-02
-1.3458649774080034e+00
-2.3803628513280151e+00
1.3215115253760052e+00
-1.7823101184000050e+00
7.7949249853440312e+00
-1.1786760222720067e+00
-1.4212975687680078e+00
1.7581569094656050e+01
3.3982825175040081e+00
7.1719974574080254e+00
2.1066527999999982e+00
-2.0465555540662450e+00
1.1069041792288106e+00
4.0277684858206193e+00
4.8861428901969202e+00
1.0603244344027787e+00
-1.0969959016221351e+01
4.5875533133759516e-01
1.0691672393820433e+00
3.1265134419024232e-01
-5.1793652258859768e-01
1.1069041792287899e+00
-2.4243158692172888e+00
-4.6059084243212089e-01
1.7687553308721846e+00
-4.2387152161874129e+00
1.2918968501183835e+01
-4.5026626102396632e+00
6.1213497442628082e+00
3.8849152854275260e+01
-7.3401684273629564e-01
-1.4452262806330646e+01
-1.9215584425828178e+00
1.0392979885160103e+00
3.7817651826357777e+00
4.5877128053861540e+00
9.9556318652347386e-01
-1.0299948770276705e+01
4.3073601313199156e-01
1.0038659010675575e+00
2.9355559335780324e-01
-4.8630260523574770e-01
1.0392979885159996e+00
-2.2762463578016305e+00
-4.3245941704014873e-01
1.6607253744702335e+00
-3.9798279568742596e+00
1.2129918947759798e+01
-4.2276542826395787e+00
5.7474771489685086e+00
3.6476370018884111e+01
-6.8918542590036924e-01
-1.3569564507913302e+01
-1.1361504000000009e+00
6.1450060492800562e-01
2.2360256808960033e+00
2.7125543639040024e+00
5.8864174387200274e-01
-6.0900000000000034e+00
2.5467916185600148e-01
5.9355084902399913e-01
1.7356917043200043e-01
-2.8753374720000058e-01
6.1450060492799907e-01
-1.3458649774079940e+00
-2.5569815040000071e-01
9.8192891596800036e-01
-2.3531332823040016e+00
7.1719974574080130e+00
-2.4996643338240045e+00
3.3982825175040143e+00
2.1567203718144011e+01
-4.0749127372799548e-01
-8.0232095999999995e+00
-1.0969959016221376e+01
1.0603244344027769e+00
4.8861428901969308e+00
4.0277684858206202e+00
1.1069041792287959e+00
-2.0465555540662552e+00
1.1069041792287966e+00
-5.1793652258859613e-01
3.1265134419024238e-01
1.0691672393820524e+00
4.5875533133757901e-01
-4.2387152161874315e+00
1.7687553308721933e+00
-4.6059084243212189e-01
-2.4243158692173101e+00
6.1213497442627922e+00
-4.5026626102396721e+00
1.2918968501183882e+01
-7.3401684273627388e-01
3.8849152854275324e+01
-1.4452262806330657e+01
-1.0299948770276705e+01
9.9556318652347697e-01
4.5877128053861620e+00
3.7817651826357728e+00
1.0392979885159963e+00
-1.9215584425828205e+00
1.0392979885159945e+00
-4.8630260523574464e-01
2.9355559335780335e-01
1.0038659010675626e+00
4.3073601313198301e-01
-3.9798279568742689e+00
1.6607253744702373e+00
-4.3245941704015006e-01
-2.2762463578016394e+00
5.7474771489684979e+00
-4.2276542826395866e+00
1.2129918947759824e+01
-6.8918542590035270e-01
3.6476370018884133e+01
-1.3569564507913309e+01
-6.0900000000000096e+00
5.8864174387200197e-01
2.7125543639040064e+00
2.2360256808960015e+00
6.1450060492799718e-01
-1.1361503999999996e+00
6.1450060492799607e-01
-2.8753374720000036e-01
1.7356917043199918e-01
5.9355084902400335e-01
2.5467916185599376e-01
-2.3531332823040119e+00
9.8192891596800236e-01
-2.5569815040000143e-01
-1.3458649774080031e+00
3.3982825175040041e+00
-2.4996643338240081e+00
7.1719974574080281e+00
-4.0749127372799515e-01
2.1567203718144032e+01
-8.0232095999999977e+00
-1.0969959016221374e+01
-1.0969959016221361e+01
-1.0969959016221361e+01
-1.0969959016221360e+01
-1.0969959016221361e+01
-1.0969959016221386e+01
-2.0465555540662526e+00
-2.0465555540662588e+00
-2.0465555540662579e+00
-2.0465555540662606e+00
-2.0465555540662446e+00
7.6877472785681034e-01
7.6877472785679113e-01
7.6877472785679524e-01
7.6877472785678491e-01
3.7947282228913037e+00
3.7947282228912829e+00
3.7947282228912731e+00
-1.4452262806330637e+01
-1.4452262806330637e+01
2.3036913934064842e+02
-1.0299948770276702e+01
-1.0299948770276702e+01
-1.0299948770276682e+01
-1.0299948770276687e+01
-1.0299948770276696e+01
-1.0299948770276707e+01
-1.9215584425828147e+00
-1.9215584425828194e+00
-1.9215584425828200e+00
-1.9215584425828205e+00
-1.9215584425828116e+00
7.2182040982100193e-01
7.2182040982098872e-01
7.2182040982099172e-01
7.2182040982097373e-01
3.5629582786141216e+00
3.5629582786141021e+00
3.5629582786140928e+00
-1.3569564507913297e+01
-1.3569564507913281e+01
2.1629892417581036e+02
-6.0900000000000132e+00
-6.0900000000000176e+00
-6.0900000000000096e+00
-6.0900000000000025e+00
-6.0900000000000141e+00
-6.0900000000000247e+00
-1.1361504000000002e+00
-1.1361504000000027e+00
-1.1361504000000027e+00
-1.1361504000000036e+00
-1.1361503999999969e+00
4.2678720000000547e-01
4.2678720000000014e-01
4.2678720000000298e-01
4.2678719999999104e-01
2.1066528000000058e+00
2.1066527999999987e+00
2.1066527999999876e+00
-8.0232095999999942e+00
-8.0232095999999959e+00
1.2789000000000011e+02
