2.6099999999999977e+00
-8.6999999999999944e-01
-8.6999999999999889e-01
-8.1426375869000700e-01
2.7142125289666880e-01
2.7142125289666930e-01
5.1858899304799355e-01
-1.7286299768266458e-01
-1.7286299768266436e-01
-8.6999999999999889e-01
2.6099999999999977e+00
-8.6999999999999955e-01
2.7142125289666874e-01
-8.1426375869000678e-01
2.7142125289666880e-01
-1.7286299768266453e-01
5.1858899304799377e-01
-1.7286299768266469e-01
-8.6999999999999955e-01
-8.6999999999999900e-01
2.6099999999999981e+00
2.7142125289666885e-01
2.7142125289666907e-01
-8.1426375869000678e-01
-1.7286299768266455e-01
-1.7286299768266453e-01
5.1858899304799366e-01
4.4142637586900033e+00
-1.4714212528966670e+00
-1.4714212528966681e+00
2.8124999999999982e+00
-9.3749999999999878e-01
-9.3749999999999989e-01
-8.1426375869000600e-01
2.7142125289666902e-01
2.7142125289666869e-01
-1.4714212528966668e+00
4.4142637586900033e+00
-1.4714212528966686e+00
-9.3749999999999867e-01
2.8124999999999982e+00
-9.3750000000000000e-01
2.7142125289666902e-01
-8.1426375869000689e-01
2.7142125289666885e-01
-1.4714212528966681e+00
-1.4714212528966679e+00
4.4142637586900042e+00
-9.3750000000000000e-01
-9.3749999999999944e-01
2.8124999999999991e+00
2.7142125289666880e-01
2.7142125289666891e-01
-8.1426375869000656e-01
4.7014110069520045e+00
-1.5671370023173348e+00
-1.5671370023173348e+00
4.4142637586900069e+00
-1.4714212528966688e+00
-1.4714212528966688e+00
2.6099999999999999e+00
-8.6999999999999988e-01
-8.6999999999999988e-01
-1.5671370023173348e+00
4.7014110069520045e+00
-1.5671370023173350e+00
-1.4714212528966688e+00
4.4142637586900069e+00
-1.4714212528966690e+00
-8.6999999999999966e-01
2.6099999999999999e+00
-8.7000000000000033e-01
-1.5671370023173350e+00
-1.5671370023173348e+00
4.7014110069520045e+00
-1.4714212528966693e+00
-1.4714212528966688e+00
4.4142637586900069e+00
-8.6999999999999988e-01
-8.7000000000000022e-01
2.6099999999999999e+00
