1.1999999999999991e+01
-4.9999999999999917e-01
2.0000000000000009e+00
-4.9999999999999900e-01
1.9999999999999976e+00
1.9999999999999993e+00
-4.3923048454132685e+00
1.8301270189221983e-01
-7.3205080756887930e-01
1.8301270189221935e-01
-7.3205080756887853e-01
-7.3205080756887797e-01
-4.9999999999999889e-01
3.2499999999999956e+00
-4.9999999999999895e-01
-1.1249999999999987e+00
-1.1249999999999984e+00
1.9999999999999989e+00
1.8301270189221958e-01
-1.1895825622994269e+00
1.8301270189221960e-01
4.1177857925749434e-01
4.1177857925749412e-01
-7.3205080756887841e-01
2.0000000000000009e+00
-4.9999999999999917e-01
1.1999999999999991e+01
1.9999999999999984e+00
-4.9999999999999944e-01
1.9999999999999993e+00
-7.3205080756887853e-01
1.8301270189221908e-01
-4.3923048454132658e+00
-7.3205080756887742e-01
1.8301270189221946e-01
-7.3205080756887808e-01
-4.9999999999999944e-01
-1.1249999999999993e+00
1.9999999999999987e+00
3.2499999999999964e+00
-1.1249999999999987e+00
-4.9999999999999950e-01
1.8301270189221977e-01
4.1177857925749345e-01
-7.3205080756887764e-01
-1.1895825622994260e+00
4.1177857925749395e-01
1.8301270189221944e-01
1.9999999999999978e+00
-1.1249999999999987e+00
-4.9999999999999933e-01
-1.1249999999999984e+00
3.2499999999999951e+00
-4.9999999999999956e-01
-7.3205080756887830e-01
4.1177857925749450e-01
1.8301270189221933e-01
4.1177857925749378e-01
-1.1895825622994272e+00
1.8301270189221980e-01
1.9999999999999982e+00
1.9999999999999984e+00
1.9999999999999987e+00
-4.9999999999999933e-01
-4.9999999999999961e-01
1.1999999999999986e+01
-7.3205080756887919e-01
-7.3205080756887841e-01
-7.3205080756887886e-01
1.8301270189221974e-01
1.8301270189221955e-01
-4.3923048454132703e+00
1.6392304845413264e+01
-6.8301270189221874e-01
2.7320508075688807e+00
-6.8301270189221863e-01
2.7320508075688759e+00
2.7320508075688776e+00
1.2000000000000002e+01
-4.9999999999999967e-01
2.0000000000000027e+00
-4.9999999999999933e-01
1.9999999999999989e+00
2.0000000000000004e+00
-6.8301270189221874e-01
4.4395825622994245e+00
-6.8301270189221974e-01
-1.5367785792574942e+00
-1.5367785792574928e+00
2.7320508075688772e+00
-4.9999999999999933e-01
3.2499999999999996e+00
-5.0000000000000022e-01
-1.1250000000000007e+00
-1.1249999999999993e+00
2.0000000000000004e+00
2.7320508075688799e+00
-6.8301270189221908e-01
1.6392304845413264e+01
2.7320508075688781e+00
-6.8301270189221941e-01
2.7320508075688776e+00
2.0000000000000022e+00
-4.9999999999999978e-01
1.2000000000000002e+01
2.0000000000000004e+00
-4.9999999999999994e-01
2.0000000000000004e+00
-6.8301270189221930e-01
-1.5367785792574935e+00
2.7320508075688785e+00
4.4395825622994245e+00
-1.5367785792574931e+00
-6.8301270189221897e-01
-4.9999999999999983e-01
-1.1250000000000000e+00
2.0000000000000009e+00
3.2499999999999991e+00
-1.1249999999999996e+00
-4.9999999999999994e-01
2.7320508075688772e+00
-1.5367785792574931e+00
-6.8301270189221963e-01
-1.5367785792574935e+00
4.4395825622994236e+00
-6.8301270189221930e-01
2.0000000000000004e+00
-1.1249999999999996e+00
-5.0000000000000000e-01
-1.1249999999999998e+00
3.2499999999999987e+00
-4.9999999999999989e-01
2.7320508075688772e+00
2.7320508075688776e+00
2.7320508075688781e+00
-6.8301270189221885e-01
-6.8301270189221952e-01
1.6392304845413257e+01
2.0000000000000004e+00
2.0000000000000004e+00
2.0000000000000013e+00
-4.9999999999999967e-01
-4.9999999999999994e-01
1.1999999999999996e+01
