2.4589591308883998e+00
-8.1965304362946678e-01
-8.1965304362946656e-01
-6.4946782481965781e-01
2.1648927493988565e-01
2.1648927493988585e-01
4.5658061922988441e-01
-1.5219353974329483e-01
-1.5219353974329486e-01
-3.0094102396658196e-01
1.0031367465552740e-01
1.0031367465552735e-01
-8.1965304362946645e-01
2.4589591308883998e+00
-8.1965304362946656e-01
2.1648927493988568e-01
-6.4946782481965781e-01
2.1648927493988612e-01
-1.5219353974329469e-01
4.5658061922988402e-01
-1.5219353974329464e-01
1.0031367465552743e-01
-3.0094102396658207e-01
1.0031367465552725e-01
-8.1965304362946700e-01
-8.1965304362946656e-01
2.4589591308884002e+00
2.1648927493988557e-01
2.1648927493988593e-01
-6.4946782481965737e-01
-1.5219353974329514e-01
-1.5219353974329472e-01
4.5658061922988469e-01
1.0031367465552710e-01
1.0031367465552733e-01
-3.0094102396658173e-01
4.5848399254708614e+00
-1.5282799751569545e+00
-1.5282799751569545e+00
2.6314198778579554e+00
-8.7713995928598598e-01
-8.7713995928598565e-01
-7.6618675920529355e-01
2.5539558640176413e-01
2.5539558640176441e-01
4.5658061922988213e-01
-1.5219353974329428e-01
-1.5219353974329403e-01
-1.5282799751569531e+00
4.5848399254708605e+00
-1.5282799751569538e+00
-8.7713995928598476e-01
2.6314198778579549e+00
-8.7713995928598520e-01
2.5539558640176496e-01
-7.6618675920529489e-01
2.5539558640176496e-01
-1.5219353974329367e-01
4.5658061922988158e-01
-1.5219353974329422e-01
-1.5282799751569542e+00
-1.5282799751569542e+00
4.5848399254708623e+00
-8.7713995928598543e-01
-8.7713995928598543e-01
2.6314198778579563e+00
2.5539558640176419e-01
2.5539558640176480e-01
-7.6618675920529355e-01
-1.5219353974329433e-01
-1.5219353974329403e-01
4.5658061922988236e-01
4.6080472801189103e+00
-1.5360157600396362e+00
-1.5360157600396376e+00
4.5033470034893801e+00
-1.5011156678297928e+00
-1.5011156678297943e+00
2.6314198778579567e+00
-8.7713995928598476e-01
-8.7713995928598654e-01
-6.4946782481965615e-01
2.1648927493988565e-01
2.1648927493988526e-01
-1.5360157600396362e+00
4.6080472801189094e+00
-1.5360157600396365e+00
-1.5011156678297930e+00
4.5033470034893792e+00
-1.5011156678297930e+00
-8.7713995928598520e-01
2.6314198778579549e+00
-8.7713995928598465e-01
2.1648927493988546e-01
-6.4946782481965659e-01
2.1648927493988543e-01
-1.5360157600396376e+00
-1.5360157600396365e+00
4.6080472801189112e+00
-1.5011156678297946e+00
-1.5011156678297930e+00
4.5033470034893810e+00
-8.7713995928598609e-01
-8.7713995928598509e-01
2.6314198778579572e+00
2.1648927493988512e-01
2.1648927493988565e-01
-6.4946782481965593e-01
4.3830227621897819e+00
-1.4610075873965938e+00
-1.4610075873965946e+00
4.6080472801189103e+00
-1.5360157600396367e+00
-1.5360157600396369e+00
4.5848399254708623e+00
-1.5282799751569540e+00
-1.5282799751569540e+00
2.4589591308883998e+00
-8.1965304362946656e-01
-8.1965304362946645e-01
-1.4610075873965933e+00
4.3830227621897837e+00
-1.4610075873965955e+00
-1.5360157600396356e+00
4.6080472801189103e+00
-1.5360157600396378e+00
-1.5282799751569538e+00
4.5848399254708623e+00
-1.5282799751569540e+00
-8.1965304362946600e-01
2.4589591308883993e+00
-8.1965304362946678e-01
-1.4610075873965953e+00
-1.4610075873965953e+00
4.3830227621897855e+00
-1.5360157600396376e+00
-1.5360157600396371e+00
4.6080472801189121e+00
-1.5282799751569547e+00
-1.5282799751569540e+00
4.5848399254708632e+00
-8.1965304362946678e-01
-8.1965304362946623e-01
2.4589591308883998e+00
