9.8358365235536009e+00
-4.0982652181473350e-01
1.6393060872589367e+00
-4.0982652181473267e-01
1.6393060872589329e+00
1.6393060872589345e+00
-2.5978712992786357e+00
1.0824463746994305e-01
-4.3297854987977230e-01
1.0824463746994308e-01
-4.3297854987977247e-01
-4.3297854987977136e-01
1.8263224769195361e+00
-7.6096769871647360e-02
3.0438707948659022e-01
-7.6096769871647138e-02
3.0438707948658927e-01
3.0438707948659011e-01
-1.2037640958663298e+00
5.0156837327763763e-02
-2.0062734931105536e-01
5.0156837327763652e-02
-2.0062734931105497e-01
-2.0062734931105486e-01
-4.0982652181473289e-01
2.6638723917957670e+00
-4.0982652181473361e-01
-9.2210967408315092e-01
-9.2210967408314981e-01
1.6393060872589338e+00
1.0824463746994349e-01
-7.0359014355462968e-01
1.0824463746994314e-01
2.4355043430737183e-01
2.4355043430737219e-01
-4.3297854987977213e-01
-7.6096769871646722e-02
4.9462900416570771e-01
-7.6096769871647416e-02
-1.7121773221120684e-01
-1.7121773221120595e-01
3.0438707948658950e-01
5.0156837327763971e-02
-3.2601944263046423e-01
5.0156837327763722e-02
1.1285288398746827e-01
1.1285288398746861e-01
-2.0062734931105472e-01
1.6393060872589356e+00
-4.0982652181473272e-01
9.8358365235536009e+00
1.6393060872589331e+00
-4.0982652181473328e-01
1.6393060872589347e+00
-4.3297854987977274e-01
1.0824463746994367e-01
-2.5978712992786335e+00
-4.3297854987977313e-01
1.0824463746994301e-01
-4.3297854987977202e-01
3.0438707948658966e-01
-7.6096769871647013e-02
1.8263224769195368e+00
3.0438707948658922e-01
-7.6096769871647402e-02
3.0438707948658961e-01
-2.0062734931105503e-01
5.0156837327763784e-02
-1.2037640958663292e+00
-2.0062734931105503e-01
5.0156837327763763e-02
-2.0062734931105514e-01
-4.0982652181473345e-01
-9.2210967408314981e-01
1.6393060872589333e+00
2.6638723917957661e+00
-9.2210967408315014e-01
-4.0982652181473300e-01
1.0824463746994301e-01
2.4355043430737230e-01
-4.3297854987977280e-01
-7.0359014355462990e-01
2.4355043430737155e-01
1.0824463746994331e-01
-7.6096769871647513e-02
-1.7121773221120590e-01
3.0438707948658905e-01
4.9462900416570732e-01
-1.7121773221120695e-01
-7.6096769871647027e-02
5.0156837327763631e-02
1.1285288398746873e-01
-2.0062734931105519e-01
-3.2601944263046434e-01
1.1285288398746816e-01
5.0156837327763708e-02
1.6393060872589329e+00
-9.2210967408315103e-01
-4.0982652181473311e-01
-9.2210967408314948e-01
2.6638723917957661e+00
-4.0982652181473422e-01
-4.3297854987977313e-01
2.4355043430737158e-01
1.0824463746994313e-01
2.4355043430737214e-01
-7.0359014355463012e-01
1.0824463746994274e-01
3.0438707948658839e-01
-1.7121773221120656e-01
-7.6096769871647291e-02
-1.7121773221120612e-01
4.9462900416570693e-01
-7.6096769871647540e-02
-2.0062734931105547e-01
1.1285288398746857e-01
5.0156837327763715e-02
1.1285288398746852e-01
-3.2601944263046462e-01
5.0156837327763708e-02
1.6393060872589342e+00
1.6393060872589342e+00
1.6393060872589345e+00
-4.0982652181473334e-01
-4.0982652181473356e-01
9.8358365235536009e+00
-4.3297854987977230e-01
-4.3297854987977208e-01
-4.3297854987977230e-01
1.0824463746994324e-01
1.0824463746994306e-01
-2.5978712992786308e+00
3.0438707948658972e-01
3.0438707948658900e-01
3.0438707948658955e-01
-7.6096769871646999e-02
-7.6096769871647013e-02
1.8263224769195368e+00
-2.0062734931105503e-01
-2.0062734931105519e-01
-2.0062734931105530e-01
5.0156837327763847e-02
5.0156837327763881e-02
-1.2037640958663296e+00
1.8339359701883446e+01
-7.6413998757847679e-01
3.0565599503139111e+00
-7.6413998757847568e-01
3.0565599503139058e+00
3.0565599503139089e+00
1.0525679511431818e+01
-4.3856997964299244e-01
1.7542799185719715e+00
-4.3856997964299144e-01
1.7542799185719680e+00
1.7542799185719706e+00
-3.0647470368211800e+00
1.2769779320088209e-01
-5.1079117280353159e-01
1.2769779320088240e-01
-5.1079117280353015e-01
-5.1079117280353070e-01
1.8263224769195270e+00
-7.6096769871647027e-02
3.0438707948658755e-01
-7.6096769871646763e-02
3.0438707948658733e-01
3.0438707948658744e-01
-7.6413998757847579e-01
4.9669099192600994e+00
-7.6413998757847645e-01
-1.7193149720515735e+00
-1.7193149720515719e+00
3.0565599503139080e+00
-4.3856997964299160e-01
2.8507048676794513e+00
-4.3856997964299210e-01
-9.8678245419673327e-01
-9.8678245419673216e-01
1.7542799185719702e+00
1.2769779320088290e-01
-8.3003565580573591e-01
1.2769779320088309e-01
2.8732003470198642e-01
2.8732003470198630e-01
-5.1079117280353004e-01
-7.6096769871646708e-02
4.9462900416570565e-01
-7.6096769871646694e-02
-1.7121773221120551e-01
-1.7121773221120526e-01
3.0438707948658794e-01
3.0565599503139116e+00
-7.6413998757847568e-01
1.8339359701883446e+01
3.0565599503139076e+00
-7.6413998757847701e-01
3.0565599503139103e+00
1.7542799185719717e+00
-4.3856997964299138e-01
1.0525679511431820e+01
1.7542799185719693e+00
-4.3856997964299277e-01
1.7542799185719715e+00
-5.1079117280353059e-01
1.2769779320088281e-01
-3.0647470368211778e+00
-5.1079117280352992e-01
1.2769779320088190e-01
-5.1079117280352937e-01
3.0438707948658816e-01
-7.6096769871646860e-02
1.8263224769195276e+00
3.0438707948658794e-01
-7.6096769871646999e-02
3.0438707948658772e-01
-7.6413998757847668e-01
-1.7193149720515724e+00
3.0565599503139076e+00
4.9669099192600985e+00
-1.7193149720515730e+00
-7.6413998757847579e-01
-4.3856997964299221e-01
-9.8678245419673283e-01
1.7542799185719697e+00
2.8507048676794504e+00
-9.8678245419673305e-01
-4.3856997964299166e-01
1.2769779320088226e-01
2.8732003470198630e-01
-5.1079117280352926e-01
-8.3003565580573502e-01
2.8732003470198453e-01
1.2769779320088326e-01
-7.6096769871646916e-02
-1.7121773221120570e-01
3.0438707948658805e-01
4.9462900416570549e-01
-1.7121773221120570e-01
-7.6096769871646916e-02
3.0565599503139063e+00
-1.7193149720515739e+00
-7.6413998757847645e-01
-1.7193149720515719e+00
4.9669099192600976e+00
-7.6413998757847823e-01
1.7542799185719677e+00
-9.8678245419673372e-01
-4.3856997964299199e-01
-9.8678245419673205e-01
2.8507048676794491e+00
-4.3856997964299377e-01
-5.1079117280353126e-01
2.8732003470198547e-01
1.2769779320088226e-01
2.8732003470198558e-01
-8.3003565580573624e-01
1.2769779320088195e-01
3.0438707948658733e-01
-1.7121773221120562e-01
-7.6096769871646971e-02
-1.7121773221120545e-01
4.9462900416570454e-01
-7.6096769871647207e-02
3.0565599503139094e+00
3.0565599503139085e+00
3.0565599503139094e+00
-7.6413998757847679e-01
-7.6413998757847679e-01
1.8339359701883446e+01
1.7542799185719704e+00
1.7542799185719706e+00
1.7542799185719702e+00
-4.3856997964299216e-01
-4.3856997964299227e-01
1.0525679511431818e+01
-5.1079117280352970e-01
-5.1079117280353059e-01
-5.1079117280352959e-01
1.2769779320088326e-01
1.2769779320088306e-01
-3.0647470368211782e+00
3.0438707948658805e-01
3.0438707948658783e-01
3.0438707948658822e-01
-7.6096769871646791e-02
-7.6096769871646680e-02
1.8263224769195259e+00
1.8432189120475641e+01
-7.6800788001981890e-01
3.0720315200792778e+00
-7.6800788001981724e-01
3.0720315200792729e+00
3.0720315200792734e+00
1.8013388013957524e+01
-7.5055783391489683e-01
3.0022313356595909e+00
-7.5055783391489517e-01
3.0022313356595851e+00
3.0022313356595864e+00
1.0525679511431825e+01
-4.3856997964299288e-01
1.7542799185719731e+00
-4.3856997964299171e-01
1.7542799185719700e+00
1.7542799185719704e+00
-2.5978712992786286e+00
1.0824463746994266e-01
-4.3297854987977225e-01
1.0824463746994281e-01
-4.3297854987977152e-01
-4.3297854987977208e-01
-7.6800788001981712e-01
4.9920512201288192e+00
-7.6800788001981757e-01
-1.7280177300445916e+00
-1.7280177300445907e+00
3.0720315200792747e+00
-7.5055783391489528e-01
4.8786259204468294e+00
-7.5055783391489572e-01
-1.6887551263085177e+00
-1.6887551263085165e+00
3.0022313356595882e+00
-4.3856997964299110e-01
2.8507048676794522e+00
-4.3856997964299227e-01
-9.8678245419673360e-01
-9.8678245419673194e-01
1.7542799185719711e+00
1.0824463746994320e-01
-7.0359014355462801e-01
1.0824463746994274e-01
2.4355043430737114e-01
2.4355043430737186e-01
-4.3297854987977102e-01
3.0720315200792783e+00
-7.6800788001981690e-01
1.8432189120475648e+01
3.0720315200792734e+00
-7.6800788001981868e-01
3.0720315200792760e+00
3.0022313356595904e+00
-7.5055783391489495e-01
1.8013388013957524e+01
3.0022313356595860e+00
-7.5055783391489705e-01
3.0022313356595891e+00
1.7542799185719737e+00
-4.3856997964299216e-01
1.0525679511431830e+01
1.7542799185719715e+00
-4.3856997964299305e-01
1.7542799185719720e+00
-4.3297854987977191e-01
1.0824463746994260e-01
-2.5978712992786259e+00
-4.3297854987977052e-01
1.0824463746994248e-01
-4.3297854987977180e-01
-7.6800788001981846e-01
-1.7280177300445905e+00
3.0720315200792734e+00
4.9920512201288183e+00
-1.7280177300445918e+00
-7.6800788001981757e-01
-7.5055783391489661e-01
-1.6887551263085170e+00
3.0022313356595864e+00
4.8786259204468267e+00
-1.6887551263085172e+00
-7.5055783391489606e-01
-4.3856997964299299e-01
-9.8678245419673272e-01
1.7542799185719711e+00
2.8507048676794522e+00
-9.8678245419673416e-01
-4.3856997964299194e-01
1.0824463746994253e-01
2.4355043430737147e-01
-4.3297854987977097e-01
-7.0359014355462746e-01
2.4355043430737078e-01
1.0824463746994276e-01
3.0720315200792729e+00
-1.7280177300445936e+00
-7.6800788001981790e-01
-1.7280177300445905e+00
4.9920512201288192e+00
-7.6800788001982001e-01
3.0022313356595847e+00
-1.6887551263085192e+00
-7.5055783391489572e-01
-1.6887551263085159e+00
4.8786259204468259e+00
-7.5055783391489828e-01
1.7542799185719695e+00
-9.8678245419673427e-01
-4.3856997964299221e-01
-9.8678245419673261e-01
2.8507048676794509e+00
-4.3856997964299338e-01
-4.3297854987977141e-01
2.4355043430737094e-01
1.0824463746994269e-01
2.4355043430737125e-01
-7.0359014355462812e-01
1.0824463746994258e-01
3.0720315200792747e+00
3.0720315200792752e+00
3.0720315200792760e+00
-7.6800788001981812e-01
-7.6800788001981890e-01
1.8432189120475641e+01
3.0022313356595873e+00
3.0022313356595878e+00
3.0022313356595882e+00
-7.5055783391489661e-01
-7.5055783391489672e-01
1.8013388013957517e+01
1.7542799185719715e+00
1.7542799185719706e+00
1.7542799185719715e+00
-4.3856997964299216e-01
-4.3856997964299199e-01
1.0525679511431822e+01
-4.3297854987977147e-01
-4.3297854987977130e-01
-4.3297854987977175e-01
1.0824463746994291e-01
1.0824463746994306e-01
-2.5978712992786277e+00
1.7532091048759135e+01
-7.3050379369829810e-01
2.9220151747931924e+00
-7.3050379369829610e-01
2.9220151747931884e+00
2.9220151747931884e+00
1.8432189120475645e+01
-7.6800788001981946e-01
3.0720315200792778e+00
-7.6800788001981679e-01
3.0720315200792729e+00
3.0720315200792734e+00
1.8339359701883456e+01
-7.6413998757847768e-01
3.0565599503139129e+00
-7.6413998757847601e-01
3.0565599503139080e+00
3.0565599503139085e+00
9.8358365235536009e+00
-4.0982652181473361e-01
1.6393060872589353e+00
-4.0982652181473295e-01
1.6393060872589331e+00
1.6393060872589329e+00
-7.3050379369829643e-01
4.7482746590389322e+00
-7.3050379369829621e-01
-1.6436335358211689e+00
-1.6436335358211689e+00
2.9220151747931897e+00
-7.6800788001981768e-01
4.9920512201288210e+00
-7.6800788001981790e-01
-1.7280177300445922e+00
-1.7280177300445914e+00
3.0720315200792747e+00
-7.6413998757847590e-01
4.9669099192601012e+00
-7.6413998757847645e-01
-1.7193149720515737e+00
-1.7193149720515728e+00
3.0565599503139089e+00
-4.0982652181473289e-01
2.6638723917957670e+00
-4.0982652181473311e-01
-9.2210967408315014e-01
-9.2210967408314970e-01
1.6393060872589333e+00
2.9220151747931924e+00
-7.3050379369829621e-01
1.7532091048759135e+01
2.9220151747931888e+00
-7.3050379369829777e-01
2.9220151747931893e+00
3.0720315200792774e+00
-7.6800788001981746e-01
1.8432189120475645e+01
3.0720315200792738e+00
-7.6800788001981890e-01
3.0720315200792747e+00
3.0565599503139125e+00
-7.6413998757847601e-01
1.8339359701883453e+01
3.0565599503139085e+00
-7.6413998757847745e-01
3.0565599503139103e+00
1.6393060872589351e+00
-4.0982652181473289e-01
9.8358365235535992e+00
1.6393060872589331e+00
-4.0982652181473328e-01
1.6393060872589338e+00
-7.3050379369829765e-01
-1.6436335358211680e+00
2.9220151747931884e+00
4.7482746590389313e+00
-1.6436335358211698e+00
-7.3050379369829666e-01
-7.6800788001981846e-01
-1.7280177300445909e+00
3.0720315200792738e+00
4.9920512201288192e+00
-1.7280177300445918e+00
-7.6800788001981779e-01
-7.6413998757847701e-01
-1.7193149720515730e+00
3.0565599503139094e+00
4.9669099192601012e+00
-1.7193149720515741e+00
-7.6413998757847634e-01
-4.0982652181473328e-01
-9.2210967408314981e-01
1.6393060872589333e+00
2.6638723917957661e+00
-9.2210967408315003e-01
-4.0982652181473328e-01
2.9220151747931880e+00
-1.6436335358211709e+00
-7.3050379369829710e-01
-1.6436335358211682e+00
4.7482746590389322e+00
-7.3050379369829921e-01
3.0720315200792720e+00
-1.7280177300445931e+00
-7.6800788001981790e-01
-1.7280177300445902e+00
4.9920512201288183e+00
-7.6800788001982034e-01
3.0565599503139063e+00
-1.7193149720515741e+00
-7.6413998757847679e-01
-1.7193149720515724e+00
4.9669099192600994e+00
-7.6413998757847845e-01
1.6393060872589325e+00
-9.2210967408315048e-01
-4.0982652181473322e-01
-9.2210967408314959e-01
2.6638723917957656e+00
-4.0982652181473395e-01
2.9220151747931897e+00
2.9220151747931897e+00
2.9220151747931911e+00
-7.3050379369829643e-01
-7.3050379369829799e-01
1.7532091048759131e+01
3.0720315200792752e+00
3.0720315200792752e+00
3.0720315200792756e+00
-7.6800788001981790e-01
-7.6800788001981890e-01
1.8432189120475641e+01
3.0565599503139107e+00
3.0565599503139094e+00
3.0565599503139111e+00
-7.6413998757847645e-01
-7.6413998757847723e-01
1.8339359701883453e+01
1.6393060872589338e+00
1.6393060872589338e+00
1.6393060872589336e+00
-4.0982652181473328e-01
-4.0982652181473334e-01
9.8358365235535974e+00
