7.4999999999999943e+01
-4.0234375000000036e+00
6.2500000000000666e-01
3.5156250000000633e-01
5.0000000000000151e+00
-4.0234374999999902e+00
6.2499999999999911e-01
3.5156249999999856e-01
5.0000000000000044e+00
6.2499999999999967e-01
3.5156249999999850e-01
5.0000000000000044e+00
3.5156250000000000e-01
5.0000000000000000e+00
4.9999999999999938e+00
-2.7451905283832929e+01
1.4726803355389528e+00
-2.2876587736527626e-01
-1.2868080601797124e-01
-1.8301270189221990e+00
1.4726803355389544e+00
-2.2876587736527440e-01
-1.2868080601796625e-01
-1.8301270189221952e+00
-2.2876587736527113e-01
-1.2868080601796683e-01
-1.8301270189221968e+00
-1.2868080601796528e-01
-1.8301270189221943e+00
-1.8301270189221972e+00
-4.0234375000000027e+00
1.4085388183593734e+01
4.6240234374999982e+00
-9.5367431640624023e-01
3.5156250000000838e-01
-1.8540954589843719e+00
-1.6831970214843732e+00
-1.2802124023437564e-01
-1.4952087402343781e+00
2.7954101562500004e+00
6.0150146484374944e-01
-2.3999023437499978e+00
-1.4952087402343712e+00
-8.6288452148437444e-01
4.9999999999999956e+00
1.4726803355389551e+00
-5.1556098973604687e+00
-1.6925100458196476e+00
3.4906902674144480e-01
-1.2868080601796983e-01
6.7864603902965093e-01
6.1609286943758323e-01
4.6859026149772311e-02
5.4728438288630943e-01
-1.0231911311845283e+00
-2.2016481654636516e-01
8.7842522441431470e-01
5.4728438288630965e-01
3.1583765539565972e-01
-1.8301270189221948e+00
6.2500000000000422e-01
4.6240234375000018e+00
1.2109374999999988e+01
4.6240234374999947e+00
6.2500000000000600e-01
2.7954101562499991e+00
-1.3061523437499998e+00
-1.3061523437499989e+00
2.7954101562499991e+00
3.5156250000000039e-01
1.0693359374999998e+00
3.5156249999999634e-01
-2.3999023437499987e+00
-2.3999023437499987e+00
4.9999999999999973e+00
-2.2876587736527715e-01
-1.6925100458196491e+00
-4.4323388739521929e+00
-1.6925100458196471e+00
-2.2876587736527745e-01
-1.0231911311845301e+00
4.7808493902508548e-01
4.7808493902508492e-01
-1.0231911311845279e+00
-1.2868080601796780e-01
-3.9140411830464922e-01
-1.2868080601796672e-01
8.7842522441431625e-01
8.7842522441431370e-01
-1.8301270189221965e+00
3.5156250000000849e-01
-9.5367431640623856e-01
4.6240234374999982e+00
1.4085388183593720e+01
-4.0234374999999956e+00
-1.4952087402343723e+00
-1.2802124023437561e-01
-1.6831970214843719e+00
-1.8540954589843697e+00
-2.3999023437499942e+00
6.0150146484374911e-01
2.7954101562499951e+00
-8.6288452148437333e-01
-1.4952087402343739e+00
4.9999999999999964e+00
-1.2868080601797244e-01
3.4906902674144491e-01
-1.6925100458196505e+00
-5.1556098973604723e+00
1.4726803355389535e+00
5.4728438288630987e-01
4.6859026149771936e-02
6.1609286943758301e-01
6.7864603902965093e-01
8.7842522441431481e-01
-2.2016481654636547e-01
-1.0231911311845292e+00
3.1583765539566133e-01
5.4728438288630832e-01
-1.8301270189221972e+00
5.0000000000000133e+00
3.5156250000000611e-01
6.2500000000000522e-01
-4.0234374999999964e+00
7.4999999999999943e+01
5.0000000000000018e+00
3.5156249999999578e-01
6.2499999999999933e-01
-4.0234374999999893e+00
5.0000000000000009e+00
3.5156249999999800e-01
6.2500000000000078e-01
4.9999999999999947e+00
3.5156250000000117e-01
4.9999999999999991e+00
-1.8301270189222019e+00
-1.2868080601797133e-01
-2.2876587736527557e-01
1.4726803355389575e+00
-2.7451905283832946e+01
-1.8301270189221959e+00
-1.2868080601796558e-01
-2.2876587736527468e-01
1.4726803355389511e+00
-1.8301270189221981e+00
-1.2868080601796666e-01
-2.2876587736527321e-01
-1.8301270189221950e+00
-1.2868080601796728e-01
-1.8301270189221941e+00
-4.0234374999999893e+00
-1.8540954589843706e+00
2.7954101562499969e+00
-1.4952087402343748e+00
4.9999999999999973e+00
1.4085388183593738e+01
-1.6831970214843748e+00
6.0150146484375056e-01
-8.6288452148437866e-01
4.6240234374999991e+00
-1.2802124023437461e-01
-2.3999023437500013e+00
-9.5367431640624867e-01
-1.4952087402343741e+00
3.5156250000000050e-01
1.4726803355389519e+00
6.7864603902965248e-01
-1.0231911311845283e+00
5.4728438288631198e-01
-1.8301270189222005e+00
-5.1556098973604776e+00
6.1609286943758468e-01
-2.2016481654636577e-01
3.1583765539566216e-01
-1.6925100458196536e+00
4.6859026149772345e-02
8.7842522441431670e-01
3.4906902674144558e-01
5.4728438288630832e-01
-1.2868080601796600e-01
6.2499999999999922e-01
-1.6831970214843737e+00
-1.3061523437499987e+00
-1.2802124023437522e-01
3.5156249999999678e-01
-1.6831970214843739e+00
2.4301147460937469e+00
2.3086547851562428e-01
6.0150146484375155e-01
-1.3061523437499993e+00
2.3086547851562442e-01
1.0693359375000007e+00
-1.2802124023437458e-01
6.0150146484374900e-01
3.5156250000000017e-01
-2.2876587736527390e-01
6.1609286943758279e-01
4.7808493902508531e-01
4.6859026149771575e-02
-1.2868080601796456e-01
6.1609286943758479e-01
-8.8948373118148416e-01
-8.4502629993569348e-02
-2.2016481654636572e-01
4.7808493902508620e-01
-8.4502629993569375e-02
-3.9140411830464950e-01
4.6859026149772096e-02
-2.2016481654636469e-01
-1.2868080601796705e-01
3.5156249999999839e-01
-1.2802124023437617e-01
-1.3061523437499993e+00
-1.6831970214843712e+00
6.2500000000000022e-01
6.0150146484375011e-01
2.3086547851562439e-01
2.4301147460937464e+00
-1.6831970214843763e+00
1.0693359374999993e+00
2.3086547851562458e-01
-1.3061523437499989e+00
6.0150146484374989e-01
-1.2802124023437528e-01
3.5156250000000011e-01
-1.2868080601796666e-01
4.6859026149772075e-02
4.7808493902508492e-01
6.1609286943758301e-01
-2.2876587736527443e-01
-2.2016481654636541e-01
-8.4502629993569223e-02
-8.8948373118148327e-01
6.1609286943758357e-01
-3.9140411830464922e-01
-8.4502629993569306e-02
4.7808493902508498e-01
-2.2016481654636472e-01
4.6859026149771332e-02
-1.2868080601796700e-01
5.0000000000000036e+00
-1.4952087402343748e+00
2.7954101562499991e+00
-1.8540954589843752e+00
-4.0234374999999911e+00
-8.6288452148437711e-01
6.0150146484375067e-01
-1.6831970214843757e+00
1.4085388183593746e+01
-2.3999023437500000e+00
-1.2802124023437525e-01
4.6240234375000027e+00
-1.4952087402343772e+00
-9.5367431640624356e-01
3.5156249999999911e-01
-1.8301270189221934e+00
5.4728438288631021e-01
-1.0231911311845276e+00
6.7864603902964959e-01
1.4726803355389522e+00
3.1583765539566189e-01
-2.2016481654636566e-01
6.1609286943758346e-01
-5.1556098973604687e+00
8.7842522441431714e-01
4.6859026149771582e-02
-1.6925100458196463e+00
5.4728438288630976e-01
3.4906902674144891e-01
-1.2868080601796816e-01
6.2499999999999867e-01
2.7954101562499951e+00
3.5156249999999800e-01
-2.3999023437499951e+00
4.9999999999999973e+00
4.6240234374999991e+00
-1.3061523437499996e+00
1.0693359374999993e+00
-2.3999023437500004e+00
1.2109374999999995e+01
-1.3061523437500000e+00
3.5156250000000006e-01
4.6240234374999973e+00
2.7954101562500009e+00
6.2499999999999833e-01
-2.2876587736527168e-01
-1.0231911311845294e+00
-1.2868080601796775e-01
8.7842522441431514e-01
-1.8301270189221976e+00
-1.6925100458196516e+00
4.7808493902508564e-01
-3.9140411830464877e-01
8.7842522441431481e-01
-4.4323388739521947e+00
4.7808493902508553e-01
-1.2868080601796716e-01
-1.6925100458196476e+00
-1.0231911311845288e+00
-2.2876587736527301e-01
3.5156249999999994e-01
6.0150146484375056e-01
1.0693359375000002e+00
6.0150146484375011e-01
3.5156249999999983e-01
-1.2802124023437511e-01
2.3086547851562444e-01
2.3086547851562458e-01
-1.2802124023437547e-01
-1.3061523437500000e+00
2.4301147460937482e+00
-1.3061523437500004e+00
-1.6831970214843739e+00
-1.6831970214843750e+00
6.2499999999999900e-01
-1.2868080601796647e-01
-2.2016481654636530e-01
-3.9140411830464911e-01
-2.2016481654636477e-01
-1.2868080601796630e-01
4.6859026149771714e-02
-8.4502629993569348e-02
-8.4502629993569431e-02
4.6859026149771936e-02
4.7808493902508575e-01
-8.8948373118148416e-01
4.7808493902508586e-01
6.1609286943758401e-01
6.1609286943758390e-01
-2.2876587736527440e-01
5.0000000000000027e+00
-2.3999023437499982e+00
3.5156249999999994e-01
2.7954101562499938e+00
6.2499999999999911e-01
-2.3999023437499982e+00
1.0693359375000002e+00
-1.3061523437499991e+00
4.6240234375000053e+00
3.5156250000000044e-01
-1.3061523437500002e+00
1.2109374999999995e+01
2.7954101562499996e+00
4.6240234375000000e+00
6.2499999999999734e-01
-1.8301270189221963e+00
8.7842522441431570e-01
-1.2868080601796750e-01
-1.0231911311845290e+00
-2.2876587736527201e-01
8.7842522441431692e-01
-3.9140411830464944e-01
4.7808493902508542e-01
-1.6925100458196507e+00
-1.2868080601796547e-01
4.7808493902508553e-01
-4.4323388739521929e+00
-1.0231911311845288e+00
-1.6925100458196460e+00
-2.2876587736527446e-01
3.5156249999999950e-01
-1.4952087402343761e+00
-2.3999023437499991e+00
-8.6288452148437333e-01
4.9999999999999920e+00
-9.5367431640624545e-01
-1.2802124023437464e-01
6.0150146484374878e-01
-1.4952087402343726e+00
4.6240234374999982e+00
-1.6831970214843743e+00
2.7954101562500036e+00
1.4085388183593734e+01
-1.8540954589843683e+00
-4.0234374999999938e+00
-1.2868080601796689e-01
5.4728438288630943e-01
8.7842522441431514e-01
3.1583765539566117e-01
-1.8301270189221950e+00
3.4906902674144746e-01
4.6859026149771742e-02
-2.2016481654636497e-01
5.4728438288630876e-01
-1.6925100458196478e+00
6.1609286943758390e-01
-1.0231911311845296e+00
-5.1556098973604714e+00
6.7864603902965115e-01
1.4726803355389551e+00
4.9999999999999947e+00
-8.6288452148437644e-01
-2.3999023437499973e+00
-1.4952087402343726e+00
3.5156249999999961e-01
-1.4952087402343734e+00
6.0150146484374944e-01
-1.2802124023437517e-01
-9.5367431640624467e-01
2.7954101562499991e+00
-1.6831970214843739e+00
4.6240234374999991e+00
-1.8540954589843712e+00
1.4085388183593730e+01
-4.0234374999999911e+00
-1.8301270189221939e+00
3.1583765539566105e-01
8.7842522441431536e-01
5.4728438288630887e-01
-1.2868080601796580e-01
5.4728438288631098e-01
-2.2016481654636499e-01
4.6859026149772054e-02
3.4906902674144596e-01
-1.0231911311845288e+00
6.1609286943758435e-01
-1.6925100458196494e+00
6.7864603902964926e-01
-5.1556098973604678e+00
1.4726803355389535e+00
5.0000000000000009e+00
5.0000000000000000e+00
4.9999999999999964e+00
4.9999999999999956e+00
5.0000000000000009e+00
3.5156249999999950e-01
3.5156249999999939e-01
3.5156250000000017e-01
3.5156249999999917e-01
6.2499999999999911e-01
6.2499999999999833e-01
6.2499999999999722e-01
-4.0234374999999920e+00
-4.0234374999999902e+00
7.4999999999999901e+01
-1.8301270189221976e+00
-1.8301270189221965e+00
-1.8301270189221976e+00
-1.8301270189221974e+00
-1.8301270189221985e+00
-1.2868080601796739e-01
-1.2868080601796697e-01
-1.2868080601796669e-01
-1.2868080601796722e-01
-2.2876587736527329e-01
-2.2876587736527454e-01
-2.2876587736527362e-01
1.4726803355389546e+00
1.4726803355389535e+00
-2.7451905283832943e+01
1.0245190528383289e+02
-5.4961178355389571e+00
8.5376587736528475e-01
4.8024330601797705e-01
6.8301270189222203e+00
-5.4961178355389437e+00
8.5376587736527310e-01
4.8024330601796533e-01
6.8301270189221999e+00
8.5376587736527032e-01
4.8024330601796666e-01
6.8301270189221981e+00
4.8024330601796628e-01
6.8301270189221892e+00
6.8301270189221972e+00
7.5000000000000000e+01
-4.0234375000000062e+00
6.2500000000000844e-01
3.5156250000000799e-01
5.0000000000000187e+00
-4.0234374999999938e+00
6.2499999999999956e-01
3.5156249999999889e-01
5.0000000000000080e+00
6.2499999999999789e-01
3.5156249999999950e-01
5.0000000000000071e+00
3.5156249999999895e-01
5.0000000000000018e+00
5.0000000000000036e+00
-5.4961178355389571e+00
1.9240998080954206e+01
6.3165334833196480e+00
-1.3027433431476831e+00
4.8024330601797677e-01
-2.5327414980140244e+00
-2.2992898909219570e+00
-1.7488026638414833e-01
-2.0424931231206882e+00
3.8186012874345292e+00
8.2166628139011522e-01
-3.2783275681643129e+00
-2.0424931231206833e+00
-1.1787221768800333e+00
6.8301270189221936e+00
-4.0234375000000044e+00
1.4085388183593746e+01
4.6240234375000062e+00
-9.5367431640624134e-01
3.5156250000000805e-01
-1.8540954589843730e+00
-1.6831970214843754e+00
-1.2802124023437583e-01
-1.4952087402343790e+00
2.7954101562500027e+00
6.0150146484375056e-01
-2.3999023437500013e+00
-1.4952087402343759e+00
-8.6288452148437511e-01
5.0000000000000027e+00
8.5376587736528198e-01
6.3165334833196534e+00
1.6541713873952183e+01
6.3165334833196418e+00
8.5376587736528298e-01
3.8186012874345292e+00
-1.7842372827750850e+00
-1.7842372827750832e+00
3.8186012874345265e+00
4.8024330601796789e-01
1.4607400558046499e+00
4.8024330601796084e-01
-3.2783275681643169e+00
-3.2783275681643125e+00
6.8301270189221936e+00
6.2500000000000622e-01
4.6240234375000062e+00
1.2109375000000007e+01
4.6240234375000018e+00
6.2500000000000600e-01
2.7954101562500044e+00
-1.3061523437500007e+00
-1.3061523437500000e+00
2.7954101562500027e+00
3.5156249999999972e-01
1.0693359375000011e+00
3.5156249999999717e-01
-2.3999023437500031e+00
-2.3999023437500013e+00
5.0000000000000044e+00
4.8024330601797710e-01
-1.3027433431476818e+00
6.3165334833196463e+00
1.9240998080954189e+01
-5.4961178355389508e+00
-2.0424931231206811e+00
-1.7488026638414805e-01
-2.2992898909219539e+00
-2.5327414980140239e+00
-3.2783275681643094e+00
8.2166628139011544e-01
3.8186012874345181e+00
-1.1787221768800349e+00
-2.0424931231206851e+00
6.8301270189221919e+00
3.5156250000000971e-01
-9.5367431640624134e-01
4.6240234375000044e+00
1.4085388183593741e+01
-4.0234375000000018e+00
-1.4952087402343746e+00
-1.2802124023437572e-01
-1.6831970214843746e+00
-1.8540954589843712e+00
-2.3999023437499987e+00
6.0150146484375044e-01
2.7954101562499987e+00
-8.6288452148437533e-01
-1.4952087402343766e+00
5.0000000000000036e+00
6.8301270189222221e+00
4.8024330601797560e-01
8.5376587736528176e-01
-5.4961178355389526e+00
1.0245190528383294e+02
6.8301270189221999e+00
4.8024330601796167e-01
8.5376587736527432e-01
-5.4961178355389446e+00
6.8301270189222025e+00
4.8024330601796461e-01
8.5376587736527709e-01
6.8301270189221954e+00
4.8024330601796816e-01
6.8301270189222008e+00
5.0000000000000213e+00
3.5156250000000705e-01
6.2500000000000400e-01
-4.0234375000000044e+00
7.5000000000000043e+01
5.0000000000000071e+00
3.5156249999999573e-01
6.2500000000000144e-01
-4.0234374999999964e+00
5.0000000000000107e+00
3.5156249999999795e-01
6.2500000000000133e-01
5.0000000000000053e+00
3.5156250000000255e-01
5.0000000000000044e+00
-5.4961178355389411e+00
-2.5327414980140244e+00
3.8186012874345265e+00
-2.0424931231206833e+00
6.8301270189221963e+00
1.9240998080954217e+01
-2.2992898909219592e+00
8.2166628139011577e-01
-1.1787221768800398e+00
6.3165334833196498e+00
-1.7488026638414655e-01
-3.2783275681643165e+00
-1.3027433431476960e+00
-2.0424931231206829e+00
4.8024330601796839e-01
-4.0234374999999938e+00
-1.8540954589843752e+00
2.7954101562499996e+00
-1.4952087402343763e+00
5.0000000000000044e+00
1.4085388183593755e+01
-1.6831970214843763e+00
6.0150146484375144e-01
-8.6288452148437900e-01
4.6240234375000044e+00
-1.2802124023437508e-01
-2.3999023437500031e+00
-9.5367431640624889e-01
-1.4952087402343757e+00
3.5156250000000089e-01
8.5376587736527254e-01
-2.2992898909219579e+00
-1.7842372827750843e+00
-1.7488026638414705e-01
4.8024330601796350e-01
-2.2992898909219579e+00
3.3195984772752323e+00
3.1536810850919361e-01
8.2166628139011744e-01
-1.7842372827750859e+00
3.1536810850919378e-01
1.4607400558046504e+00
-1.7488026638414611e-01
8.2166628139011322e-01
4.8024330601796739e-01
6.2500000000000000e-01
-1.6831970214843752e+00
-1.3061523437500000e+00
-1.2802124023437514e-01
3.5156249999999734e-01
-1.6831970214843754e+00
2.4301147460937491e+00
2.3086547851562453e-01
6.0150146484375222e-01
-1.3061523437500007e+00
2.3086547851562456e-01
1.0693359375000020e+00
-1.2802124023437494e-01
6.0150146484374978e-01
3.5156250000000028e-01
4.8024330601796650e-01
-1.7488026638414866e-01
-1.7842372827750834e+00
-2.2992898909219530e+00
8.5376587736527509e-01
8.2166628139011533e-01
3.1536810850919361e-01
3.3195984772752301e+00
-2.2992898909219592e+00
1.4607400558046491e+00
3.1536810850919383e-01
-1.7842372827750821e+00
8.2166628139011533e-01
-1.7488026638414653e-01
4.8024330601796766e-01
3.5156249999999939e-01
-1.2802124023437592e-01
-1.3061523437500004e+00
-1.6831970214843732e+00
6.2500000000000122e-01
6.0150146484375056e-01
2.3086547851562442e-01
2.4301147460937487e+00
-1.6831970214843777e+00
1.0693359375000013e+00
2.3086547851562461e-01
-1.3061523437499996e+00
6.0150146484375100e-01
-1.2802124023437467e-01
3.5156250000000017e-01
6.8301270189221972e+00
-2.0424931231206855e+00
3.8186012874345265e+00
-2.5327414980140275e+00
-5.4961178355389482e+00
-1.1787221768800391e+00
8.2166628139011666e-01
-2.2992898909219601e+00
1.9240998080954220e+01
-3.2783275681643183e+00
-1.7488026638414669e-01
6.3165334833196480e+00
-2.0424931231206878e+00
-1.3027433431476925e+00
4.8024330601796578e-01
5.0000000000000062e+00
-1.4952087402343777e+00
2.7954101562500027e+00
-1.8540954589843759e+00
-4.0234374999999982e+00
-8.6288452148437789e-01
6.0150146484375167e-01
-1.6831970214843779e+00
1.4085388183593762e+01
-2.3999023437500053e+00
-1.2802124023437500e-01
4.6240234375000053e+00
-1.4952087402343792e+00
-9.5367431640624833e-01
3.5156250000000033e-01
8.5376587736527276e-01
3.8186012874345252e+00
4.8024330601796567e-01
-3.2783275681643089e+00
6.8301270189221963e+00
6.3165334833196498e+00
-1.7842372827750859e+00
1.4607400558046491e+00
-3.2783275681643174e+00
1.6541713873952197e+01
-1.7842372827750868e+00
4.8024330601796950e-01
6.3165334833196507e+00
3.8186012874345301e+00
8.5376587736527287e-01
6.2499999999999878e-01
2.7954101562500013e+00
3.5156249999999789e-01
-2.3999023437500000e+00
5.0000000000000053e+00
4.6240234375000044e+00
-1.3061523437500011e+00
1.0693359375000016e+00
-2.3999023437500044e+00
1.2109375000000014e+01
-1.3061523437500022e+00
3.5156250000000139e-01
4.6240234375000071e+00
2.7954101562500044e+00
6.2499999999999845e-01
4.8024330601796700e-01
8.2166628139011666e-01
1.4607400558046506e+00
8.2166628139011533e-01
4.8024330601796733e-01
-1.7488026638414661e-01
3.1536810850919400e-01
3.1536810850919406e-01
-1.7488026638414694e-01
-1.7842372827750865e+00
3.3195984772752340e+00
-1.7842372827750865e+00
-2.2992898909219592e+00
-2.2992898909219597e+00
8.5376587736527365e-01
3.5156249999999983e-01
6.0150146484375133e-01
1.0693359375000018e+00
6.0150146484375089e-01
3.5156249999999978e-01
-1.2802124023437511e-01
2.3086547851562464e-01
2.3086547851562464e-01
-1.2802124023437494e-01
-1.3061523437500020e+00
2.4301147460937500e+00
-1.3061523437500016e+00
-1.6831970214843763e+00
-1.6831970214843768e+00
6.2500000000000011e-01
6.8301270189221963e+00
-3.2783275681643147e+00
4.8024330601796411e-01
3.8186012874345177e+00
8.5376587736527410e-01
-3.2783275681643138e+00
1.4607400558046495e+00
-1.7842372827750834e+00
6.3165334833196516e+00
4.8024330601796716e-01
-1.7842372827750861e+00
1.6541713873952183e+01
3.8186012874345319e+00
6.3165334833196436e+00
8.5376587736526977e-01
5.0000000000000080e+00
-2.3999023437500013e+00
3.5156249999999950e-01
2.7954101562499956e+00
6.2499999999999856e-01
-2.3999023437500018e+00
1.0693359375000011e+00
-1.3061523437500007e+00
4.6240234375000107e+00
3.5156249999999967e-01
-1.3061523437500013e+00
1.2109375000000005e+01
2.7954101562500044e+00
4.6240234375000018e+00
6.2499999999999734e-01
4.8024330601796672e-01
-2.0424931231206864e+00
-3.2783275681643151e+00
-1.1787221768800347e+00
6.8301270189221928e+00
-1.3027433431476920e+00
-1.7488026638414692e-01
8.2166628139011455e-01
-2.0424931231206847e+00
6.3165334833196516e+00
-2.2992898909219597e+00
3.8186012874345345e+00
1.9240998080954213e+01
-2.5327414980140195e+00
-5.4961178355389491e+00
3.5156250000000050e-01
-1.4952087402343774e+00
-2.3999023437500031e+00
-8.6288452148437500e-01
4.9999999999999991e+00
-9.5367431640624889e-01
-1.2802124023437472e-01
6.0150146484375033e-01
-1.4952087402343779e+00
4.6240234375000080e+00
-1.6831970214843772e+00
2.7954101562500089e+00
1.4085388183593761e+01
-1.8540954589843710e+00
-4.0234374999999991e+00
6.8301270189221874e+00
-1.1787221768800380e+00
-3.2783275681643143e+00
-2.0424931231206829e+00
4.8024330601796594e-01
-2.0424931231206864e+00
8.2166628139011488e-01
-1.7488026638414653e-01
-1.3027433431476927e+00
3.8186012874345252e+00
-2.2992898909219583e+00
6.3165334833196454e+00
-2.5327414980140190e+00
1.9240998080954196e+01
-5.4961178355389437e+00
4.9999999999999973e+00
-8.6288452148437600e-01
-2.3999023437500009e+00
-1.4952087402343759e+00
3.5156250000000028e-01
-1.4952087402343774e+00
6.0150146484375033e-01
-1.2802124023437475e-01
-9.5367431640624722e-01
2.7954101562500009e+00
-1.6831970214843748e+00
4.6240234375000018e+00
-1.8540954589843739e+00
1.4085388183593745e+01
-4.0234374999999964e+00
6.8301270189222061e+00
6.8301270189221954e+00
6.8301270189221910e+00
6.8301270189221892e+00
6.8301270189222034e+00
4.8024330601796755e-01
4.8024330601796622e-01
4.8024330601796761e-01
4.8024330601796528e-01
8.5376587736527665e-01
8.5376587736527221e-01
8.5376587736527265e-01
-5.4961178355389446e+00
-5.4961178355389402e+00
1.0245190528383286e+02
5.0000000000000098e+00
5.0000000000000053e+00
5.0000000000000036e+00
5.0000000000000018e+00
5.0000000000000036e+00
3.5156250000000161e-01
3.5156249999999950e-01
3.5156250000000050e-01
3.5156250000000056e-01
6.2500000000000255e-01
6.2499999999999878e-01
6.2499999999999978e-01
-4.0234374999999982e+00
-4.0234374999999929e+00
7.5000000000000000e+01
