2.8999999999999986e+01
-1.1814814814814798e+00
2.1481481481481796e-01
-2.8999999999999990e+00
-1.1814814814814769e+00
2.1481481481481368e-01
-2.8999999999999964e+00
2.1481481481481179e-01
-2.8999999999999941e+00
-2.9000000000000008e+00
-9.0473750965556423e+00
3.6859676319300722e-01
-6.7017593307821352e-02
9.0473750965556521e-01
3.6859676319300627e-01
-6.7017593307818868e-02
9.0473750965556476e-01
-6.7017593307819062e-02
9.0473750965556288e-01
9.0473750965556476e-01
5.7620999227554854e+00
-2.3475221907522359e-01
4.2682221650041277e-02
-5.7620999227554870e-01
-2.3475221907522303e-01
4.2682221650040632e-02
-5.7620999227554881e-01
4.2682221650039889e-02
-5.7620999227554837e-01
-5.7620999227554959e-01
-1.1814814814814791e+00
6.2455418381344243e+00
1.8100137174211253e+00
2.1481481481482026e-01
-1.5315500685871066e+00
-7.8765432098765353e-01
1.4599451303154960e+00
1.4599451303154989e+00
8.6721536351165796e-01
-2.8999999999999990e+00
3.6859676319300821e-01
-1.9484744720977152e+00
-5.6468527694551651e-01
-6.7017593307820242e-02
4.7781061895389770e-01
2.4573117546200482e-01
-4.5547142118462658e-01
-4.5547142118462630e-01
-2.7055250631675326e-01
9.0473750965556443e-01
-2.3475221907522312e-01
1.2409460738993292e+00
3.5963723797719449e-01
4.2682221650042436e-02
-3.0430843213455022e-01
-1.5650147938348227e-01
2.9008102491786775e-01
2.9008102491786780e-01
1.7230970962423808e-01
-5.7620999227554914e-01
2.1481481481481832e-01
1.8100137174211246e+00
6.2455418381344270e+00
-1.1814814814814838e+00
1.4599451303155002e+00
-7.8765432098765409e-01
-1.5315500685871051e+00
8.6721536351166106e-01
1.4599451303154991e+00
-2.8999999999999986e+00
-6.7017593307820297e-02
-5.6468527694551673e-01
-1.9484744720977174e+00
3.6859676319300877e-01
-4.5547142118462652e-01
2.4573117546200518e-01
4.7781061895389837e-01
-2.7055250631675343e-01
-4.5547142118462541e-01
9.0473750965556432e-01
4.2682221650041659e-02
3.5963723797719455e-01
1.2409460738993290e+00
-2.3475221907522364e-01
2.9008102491786825e-01
-1.5650147938348230e-01
-3.0430843213454956e-01
1.7230970962423811e-01
2.9008102491786836e-01
-5.7620999227554903e-01
-2.8999999999999986e+00
2.1481481481481940e-01
-1.1814814814814836e+00
2.8999999999999989e+01
-2.9000000000000035e+00
2.1481481481481471e-01
-1.1814814814814785e+00
-2.8999999999999968e+00
2.1481481481481254e-01
-2.8999999999999986e+00
9.0473750965556454e-01
-6.7017593307821421e-02
3.6859676319300855e-01
-9.0473750965556459e+00
9.0473750965556732e-01
-6.7017593307819867e-02
3.6859676319300794e-01
9.0473750965556510e-01
-6.7017593307819340e-02
9.0473750965556432e-01
-5.7620999227554859e-01
4.2682221650041832e-02
-2.3475221907522376e-01
5.7620999227554881e+00
-5.7620999227554937e-01
4.2682221650040486e-02
-2.3475221907522301e-01
-5.7620999227554781e-01
4.2682221650040236e-02
-5.7620999227554948e-01
-1.1814814814814767e+00
-1.5315500685871053e+00
1.4599451303155004e+00
-2.9000000000000044e+00
6.2455418381344288e+00
-7.8765432098765442e-01
8.6721536351165751e-01
1.8100137174211259e+00
1.4599451303154998e+00
2.1481481481481507e-01
3.6859676319300638e-01
4.7781061895389948e-01
-4.5547142118462525e-01
9.0473750965556665e-01
-1.9484744720977183e+00
2.4573117546200485e-01
-2.7055250631675326e-01
-5.6468527694551740e-01
-4.5547142118462508e-01
-6.7017593307819742e-02
-2.3475221907522312e-01
-3.0430843213454933e-01
2.9008102491786902e-01
-5.7620999227554981e-01
1.2409460738993296e+00
-1.5650147938348247e-01
1.7230970962423758e-01
3.5963723797719449e-01
2.9008102491786886e-01
4.2682221650040861e-02
2.1481481481481299e-01
-7.8765432098765420e-01
-7.8765432098765498e-01
2.1481481481481501e-01
-7.8765432098765487e-01
1.3843621399176951e+00
-7.8765432098765287e-01
-7.8765432098765453e-01
-7.8765432098765387e-01
2.1481481481481507e-01
-6.7017593307819562e-02
2.4573117546200413e-01
2.4573117546200435e-01
-6.7017593307819798e-02
2.4573117546200485e-01
-4.3189115687261359e-01
2.4573117546200487e-01
2.4573117546200468e-01
2.4573117546200465e-01
-6.7017593307819354e-02
4.2682221650040320e-02
-1.5650147938348283e-01
-1.5650147938348277e-01
4.2682221650040632e-02
-1.5650147938348252e-01
2.7506320618915125e-01
-1.5650147938348224e-01
-1.5650147938348258e-01
-1.5650147938348247e-01
4.2682221650040861e-02
-2.8999999999999968e+00
1.4599451303154984e+00
-1.5315500685871037e+00
-1.1814814814814787e+00
8.6721536351165773e-01
-7.8765432098765309e-01
6.2455418381344172e+00
1.4599451303154996e+00
1.8100137174211206e+00
2.1481481481481443e-01
9.0473750965556510e-01
-4.5547142118462464e-01
4.7781061895390020e-01
3.6859676319300788e-01
-2.7055250631675276e-01
2.4573117546200465e-01
-1.9484744720977176e+00
-4.5547142118462541e-01
-5.6468527694551685e-01
-6.7017593307819909e-02
-5.7620999227554914e-01
2.9008102491786875e-01
-3.0430843213454867e-01
-2.3475221907522328e-01
1.7230970962423800e-01
-1.5650147938348238e-01
1.2409460738993281e+00
2.9008102491786875e-01
3.5963723797719416e-01
4.2682221650040653e-02
2.1481481481481274e-01
1.4599451303154991e+00
8.6721536351166073e-01
-2.8999999999999964e+00
1.8100137174211246e+00
-7.8765432098765387e-01
1.4599451303154980e+00
6.2455418381344243e+00
-1.5315500685871011e+00
-1.1814814814814818e+00
-6.7017593307819284e-02
-4.5547142118462547e-01
-2.7055250631675304e-01
9.0473750965556465e-01
-5.6468527694551751e-01
2.4573117546200487e-01
-4.5547142118462552e-01
-1.9484744720977185e+00
4.7781061895389948e-01
3.6859676319300760e-01
4.2682221650040104e-02
2.9008102491786830e-01
1.7230970962423825e-01
-5.7620999227554770e-01
3.5963723797719388e-01
-1.5650147938348224e-01
2.9008102491786819e-01
1.2409460738993277e+00
-3.0430843213454783e-01
-2.3475221907522353e-01
-2.8999999999999937e+00
8.6721536351165929e-01
1.4599451303155004e+00
2.1481481481481191e-01
1.4599451303155004e+00
-7.8765432098765442e-01
1.8100137174211206e+00
-1.5315500685870997e+00
6.2455418381344172e+00
-1.1814814814814807e+00
9.0473750965556543e-01
-2.7055250631675254e-01
-4.5547142118462469e-01
-6.7017593307819395e-02
-4.5547142118462558e-01
2.4573117546200435e-01
-5.6468527694551784e-01
4.7781061895390003e-01
-1.9484744720977163e+00
3.6859676319300771e-01
-5.7620999227554692e-01
1.7230970962423808e-01
2.9008102491786902e-01
4.2682221650039764e-02
2.9008102491786925e-01
-1.5650147938348274e-01
3.5963723797719366e-01
-3.0430843213454711e-01
1.2409460738993274e+00
-2.3475221907522387e-01
-2.9000000000000004e+00
-2.8999999999999986e+00
-2.8999999999999999e+00
-2.8999999999999990e+00
2.1481481481481443e-01
2.1481481481481501e-01
2.1481481481481593e-01
-1.1814814814814814e+00
-1.1814814814814805e+00
2.8999999999999968e+01
9.0473750965556587e-01
9.0473750965556454e-01
9.0473750965556454e-01
9.0473750965556599e-01
-6.7017593307819256e-02
-6.7017593307819492e-02
-6.7017593307819395e-02
3.6859676319300799e-01
3.6859676319300827e-01
-9.0473750965556441e+00
-5.7620999227554837e-01
-5.7620999227554948e-01
-5.7620999227554914e-01
-5.7620999227554914e-01
4.2682221650040916e-02
4.2682221650040819e-02
4.2682221650040833e-02
-2.3475221907522331e-01
-2.3475221907522376e-01
5.7620999227554854e+00
4.9047375096555619e+01
-1.9982263928226360e+00
3.6331388960412231e-01
-4.9047375096555665e+00
-1.9982263928226289e+00
3.6331388960411409e-01
-4.9047375096555612e+00
3.6331388960411060e-01
-4.9047375096555559e+00
-4.9047375096555630e+00
3.1250000000000011e+01
-1.2731481481481490e+00
2.3148148148148553e-01
-3.1250000000000044e+00
-1.2731481481481439e+00
2.3148148148148090e-01
-3.1250000000000013e+00
2.3148148148147810e-01
-3.1249999999999978e+00
-3.1250000000000000e+00
-9.0473750965556405e+00
3.6859676319300683e-01
-6.7017593307820963e-02
9.0473750965556121e-01
3.6859676319300633e-01
-6.7017593307818882e-02
9.0473750965556343e-01
-6.7017593307818465e-02
9.0473750965556188e-01
9.0473750965556410e-01
-1.9982263928226347e+00
1.0563014938490028e+01
3.0612559216643116e+00
3.6331388960412364e-01
-2.5902934721774926e+00
-1.3321509285484248e+00
2.4691888423094497e+00
2.4691888423094546e+00
1.4667116284017989e+00
-4.9047375096555657e+00
-1.2731481481481477e+00
6.7301097393689995e+00
1.9504458161865594e+00
2.3148148148148742e-01
-1.6503772290809344e+00
-8.4876543209876631e-01
1.5732167352537705e+00
1.5732167352537725e+00
9.3449931412894327e-01
-3.1250000000000018e+00
3.6859676319300744e-01
-1.9484744720977121e+00
-5.6468527694551629e-01
-6.7017593307820381e-02
4.7781061895389765e-01
2.4573117546200421e-01
-4.5547142118462491e-01
-4.5547142118462514e-01
-2.7055250631675282e-01
9.0473750965556277e-01
3.6331388960412186e-01
3.0612559216643107e+00
1.0563014938490030e+01
-1.9982263928226420e+00
2.4691888423094532e+00
-1.3321509285484254e+00
-2.5902934721774908e+00
1.4667116284018040e+00
2.4691888423094515e+00
-4.9047375096555621e+00
2.3148148148148559e-01
1.9504458161865590e+00
6.7301097393689986e+00
-1.2731481481481519e+00
1.5732167352537725e+00
-8.4876543209876676e-01
-1.6503772290809324e+00
9.3449931412894638e-01
1.5732167352537714e+00
-3.1249999999999991e+00
-6.7017593307820228e-02
-5.6468527694551629e-01
-1.9484744720977165e+00
3.6859676319300849e-01
-4.5547142118462636e-01
2.4573117546200476e-01
4.7781061895389831e-01
-2.7055250631675337e-01
-4.5547142118462508e-01
9.0473750965556421e-01
-4.9047375096555621e+00
3.6331388960412286e-01
-1.9982263928226414e+00
4.9047375096555633e+01
-4.9047375096555728e+00
3.6331388960411681e-01
-1.9982263928226354e+00
-4.9047375096555630e+00
3.6331388960411126e-01
-4.9047375096555630e+00
-3.1250000000000009e+00
2.3148148148148640e-01
-1.2731481481481512e+00
3.1250000000000011e+01
-3.1250000000000062e+00
2.3148148148148209e-01
-1.2731481481481470e+00
-3.1250000000000000e+00
2.3148148148147860e-01
-3.1250000000000004e+00
9.0473750965556321e-01
-6.7017593307821116e-02
3.6859676319300838e-01
-9.0473750965556352e+00
9.0473750965556599e-01
-6.7017593307819673e-02
3.6859676319300694e-01
9.0473750965556354e-01
-6.7017593307818979e-02
9.0473750965556354e-01
-1.9982263928226287e+00
-2.5902934721774917e+00
2.4691888423094523e+00
-4.9047375096555719e+00
1.0563014938490030e+01
-1.3321509285484245e+00
1.4667116284017978e+00
3.0612559216643107e+00
2.4691888423094519e+00
3.6331388960411554e-01
-1.2731481481481441e+00
-1.6503772290809331e+00
1.5732167352537720e+00
-3.1250000000000067e+00
6.7301097393689977e+00
-8.4876543209876576e-01
9.3449931412894216e-01
1.9504458161865583e+00
1.5732167352537720e+00
2.3148148148148143e-01
3.6859676319300644e-01
4.7781061895389920e-01
-4.5547142118462514e-01
9.0473750965556554e-01
-1.9484744720977178e+00
2.4573117546200504e-01
-2.7055250631675321e-01
-5.6468527694551762e-01
-4.5547142118462558e-01
-6.7017593307819659e-02
3.6331388960411287e-01
-1.3321509285484248e+00
-1.3321509285484257e+00
3.6331388960411631e-01
-1.3321509285484254e+00
2.3413561774487457e+00
-1.3321509285484228e+00
-1.3321509285484257e+00
-1.3321509285484234e+00
3.6331388960411642e-01
2.3148148148147990e-01
-8.4876543209876643e-01
-8.4876543209876676e-01
2.3148148148148204e-01
-8.4876543209876643e-01
1.4917695473251036e+00
-8.4876543209876487e-01
-8.4876543209876665e-01
-8.4876543209876543e-01
2.3148148148148187e-01
-6.7017593307819284e-02
2.4573117546200407e-01
2.4573117546200429e-01
-6.7017593307819867e-02
2.4573117546200512e-01
-4.3189115687261370e-01
2.4573117546200465e-01
2.4573117546200465e-01
2.4573117546200449e-01
-6.7017593307819187e-02
-4.9047375096555594e+00
2.4691888423094492e+00
-2.5902934721774931e+00
-1.9982263928226334e+00
1.4667116284017983e+00
-1.3321509285484232e+00
1.0563014938490015e+01
2.4691888423094532e+00
3.0612559216643018e+00
3.6331388960411631e-01
-3.1249999999999996e+00
1.5732167352537703e+00
-1.6503772290809340e+00
-1.2731481481481459e+00
9.3449931412894260e-01
-8.4876543209876509e-01
6.7301097393689897e+00
1.5732167352537723e+00
1.9504458161865537e+00
2.3148148148148243e-01
9.0473750965556410e-01
-4.5547142118462480e-01
4.7781061895389904e-01
3.6859676319300733e-01
-2.7055250631675265e-01
2.4573117546200426e-01
-1.9484744720977147e+00
-4.5547142118462491e-01
-5.6468527694551651e-01
-6.7017593307820020e-02
3.6331388960411060e-01
2.4691888423094523e+00
1.4667116284018027e+00
-4.9047375096555585e+00
3.0612559216643107e+00
-1.3321509285484250e+00
2.4691888423094528e+00
1.0563014938490024e+01
-2.5902934721774824e+00
-1.9982263928226383e+00
2.3148148148147807e-01
1.5732167352537711e+00
9.3449931412894549e-01
-3.1249999999999969e+00
1.9504458161865590e+00
-8.4876543209876609e-01
1.5732167352537714e+00
6.7301097393689933e+00
-1.6503772290809262e+00
-1.2731481481481486e+00
-6.7017593307818951e-02
-4.5547142118462469e-01
-2.7055250631675337e-01
9.0473750965556410e-01
-5.6468527694551784e-01
2.4573117546200460e-01
-4.5547142118462486e-01
-1.9484744720977165e+00
4.7781061895389842e-01
3.6859676319300744e-01
-4.9047375096555514e+00
1.4667116284017989e+00
2.4691888423094523e+00
3.6331388960411148e-01
2.4691888423094523e+00
-1.3321509285484239e+00
3.0612559216643009e+00
-2.5902934721774837e+00
1.0563014938490008e+01
-1.9982263928226354e+00
-3.1249999999999938e+00
9.3449931412894427e-01
1.5732167352537729e+00
2.3148148148147815e-01
1.5732167352537723e+00
-8.4876543209876598e-01
1.9504458161865541e+00
-1.6503772290809267e+00
6.7301097393689862e+00
-1.2731481481481473e+00
9.0473750965556499e-01
-2.7055250631675309e-01
-4.5547142118462447e-01
-6.7017593307818743e-02
-4.5547142118462564e-01
2.4573117546200476e-01
-5.6468527694551762e-01
4.7781061895389743e-01
-1.9484744720977145e+00
3.6859676319300766e-01
-4.9047375096555665e+00
-4.9047375096555630e+00
-4.9047375096555648e+00
-4.9047375096555630e+00
3.6331388960411537e-01
3.6331388960411670e-01
3.6331388960411781e-01
-1.9982263928226387e+00
-1.9982263928226351e+00
4.9047375096555591e+01
-3.1250000000000000e+00
-3.1250000000000009e+00
-3.1250000000000013e+00
-3.1250000000000004e+00
2.3148148148148134e-01
2.3148148148148237e-01
2.3148148148148240e-01
-1.2731481481481488e+00
-1.2731481481481479e+00
3.1249999999999972e+01
9.0473750965556432e-01
9.0473750965556332e-01
9.0473750965556377e-01
9.0473750965556454e-01
-6.7017593307818910e-02
-6.7017593307819437e-02
-6.7017593307819479e-02
3.6859676319300760e-01
3.6859676319300788e-01
-9.0473750965556334e+00
5.2237900077244497e+01
-2.1282107438877378e+00
3.8694740797959432e-01
-5.2237900077244515e+00
-2.1282107438877298e+00
3.8694740797958660e-01
-5.2237900077244444e+00
3.8694740797958427e-01
-5.2237900077244417e+00
-5.2237900077244532e+00
4.9047375096555633e+01
-1.9982263928226367e+00
3.6331388960412042e-01
-4.9047375096555657e+00
-1.9982263928226303e+00
3.6331388960411420e-01
-4.9047375096555603e+00
3.6331388960411126e-01
-4.9047375096555585e+00
-4.9047375096555665e+00
2.9000000000000014e+01
-1.1814814814814816e+00
2.1481481481481829e-01
-2.9000000000000035e+00
-1.1814814814814780e+00
2.1481481481481396e-01
-2.9000000000000008e+00
2.1481481481481185e-01
-2.8999999999999981e+00
-2.9000000000000044e+00
-2.1282107438877365e+00
1.1250137602369524e+01
3.2603901968650590e+00
3.8694740797959709e-01
-2.7587917050396609e+00
-1.4188071625918270e+00
2.6298092357131271e+00
2.6298092357131324e+00
1.5621210173990812e+00
-5.2237900077244532e+00
-1.9982263928226365e+00
1.0563014938490033e+01
3.0612559216643134e+00
3.6331388960412525e-01
-2.5902934721774944e+00
-1.3321509285484257e+00
2.4691888423094497e+00
2.4691888423094528e+00
1.4667116284018014e+00
-4.9047375096555665e+00
-1.1814814814814820e+00
6.2455418381344323e+00
1.8100137174211277e+00
2.1481481481482029e-01
-1.5315500685871077e+00
-7.8765432098765509e-01
1.4599451303155000e+00
1.4599451303155009e+00
8.6721536351166073e-01
-2.9000000000000044e+00
3.8694740797959520e-01
3.2603901968650568e+00
1.1250137602369527e+01
-2.1282107438877431e+00
2.6298092357131320e+00
-1.4188071625918275e+00
-2.7587917050396609e+00
1.5621210173990834e+00
2.6298092357131320e+00
-5.2237900077244506e+00
3.6331388960412120e-01
3.0612559216643120e+00
1.0563014938490035e+01
-1.9982263928226411e+00
2.4691888423094541e+00
-1.3321509285484261e+00
-2.5902934721774926e+00
1.4667116284018031e+00
2.4691888423094541e+00
-4.9047375096555639e+00
2.1481481481481859e-01
1.8100137174211268e+00
6.2455418381344332e+00
-1.1814814814814845e+00
1.4599451303155013e+00
-7.8765432098765542e-01
-1.5315500685871073e+00
8.6721536351166084e-01
1.4599451303155009e+00
-2.9000000000000026e+00
-5.2237900077244506e+00
3.8694740797959659e-01
-2.1282107438877427e+00
5.2237900077244511e+01
-5.2237900077244568e+00
3.8694740797958899e-01
-2.1282107438877360e+00
-5.2237900077244461e+00
3.8694740797958393e-01
-5.2237900077244532e+00
-4.9047375096555648e+00
3.6331388960412508e-01
-1.9982263928226414e+00
4.9047375096555655e+01
-4.9047375096555728e+00
3.6331388960411570e-01
-1.9982263928226331e+00
-4.9047375096555603e+00
3.6331388960411221e-01
-4.9047375096555674e+00
-2.9000000000000035e+00
2.1481481481482062e-01
-1.1814814814814840e+00
2.9000000000000028e+01
-2.9000000000000066e+00
2.1481481481481485e-01
-1.1814814814814805e+00
-2.8999999999999995e+00
2.1481481481481299e-01
-2.9000000000000052e+00
-2.1282107438877307e+00
-2.7587917050396591e+00
2.6298092357131320e+00
-5.2237900077244577e+00
1.1250137602369525e+01
-1.4188071625918270e+00
1.5621210173990789e+00
3.2603901968650568e+00
2.6298092357131329e+00
3.8694740797958849e-01
-1.9982263928226303e+00
-2.5902934721774895e+00
2.4691888423094546e+00
-4.9047375096555728e+00
1.0563014938490031e+01
-1.3321509285484263e+00
1.4667116284017994e+00
3.0612559216643134e+00
2.4691888423094555e+00
3.6331388960411609e-01
-1.1814814814814785e+00
-1.5315500685871066e+00
1.4599451303155020e+00
-2.9000000000000079e+00
6.2455418381344341e+00
-7.8765432098765531e-01
8.6721536351165918e-01
1.8100137174211279e+00
1.4599451303155013e+00
2.1481481481481571e-01
3.8694740797958588e-01
-1.4188071625918270e+00
-1.4188071625918284e+00
3.8694740797958882e-01
-1.4188071625918277e+00
2.4936610736462410e+00
-1.4188071625918246e+00
-1.4188071625918275e+00
-1.4188071625918264e+00
3.8694740797959021e-01
3.6331388960411343e-01
-1.3321509285484259e+00
-1.3321509285484274e+00
3.6331388960411587e-01
-1.3321509285484270e+00
2.3413561774487488e+00
-1.3321509285484237e+00
-1.3321509285484261e+00
-1.3321509285484257e+00
3.6331388960411665e-01
2.1481481481481390e-01
-7.8765432098765531e-01
-7.8765432098765575e-01
2.1481481481481524e-01
-7.8765432098765553e-01
1.3843621399176964e+00
-7.8765432098765420e-01
-7.8765432098765531e-01
-7.8765432098765487e-01
2.1481481481481554e-01
-5.2237900077244444e+00
2.6298092357131284e+00
-2.7587917050396595e+00
-2.1282107438877342e+00
1.5621210173990778e+00
-1.4188071625918250e+00
1.1250137602369509e+01
2.6298092357131306e+00
3.2603901968650488e+00
3.8694740797958826e-01
-4.9047375096555639e+00
2.4691888423094501e+00
-2.5902934721774917e+00
-1.9982263928226331e+00
1.4667116284017985e+00
-1.3321509285484241e+00
1.0563014938490019e+01
2.4691888423094523e+00
3.0612559216643054e+00
3.6331388960411637e-01
-2.9000000000000030e+00
1.4599451303154996e+00
-1.5315500685871066e+00
-1.1814814814814811e+00
8.6721536351165929e-01
-7.8765432098765453e-01
6.2455418381344279e+00
1.4599451303155015e+00
1.8100137174211239e+00
2.1481481481481574e-01
3.8694740797958382e-01
2.6298092357131306e+00
1.5621210173990838e+00
-5.2237900077244444e+00
3.2603901968650564e+00
-1.4188071625918270e+00
2.6298092357131302e+00
1.1250137602369520e+01
-2.7587917050396502e+00
-2.1282107438877413e+00
3.6331388960411209e-01
2.4691888423094519e+00
1.4667116284018040e+00
-4.9047375096555585e+00
3.0612559216643125e+00
-1.3321509285484257e+00
2.4691888423094506e+00
1.0563014938490028e+01
-2.5902934721774842e+00
-1.9982263928226378e+00
2.1481481481481224e-01
1.4599451303155007e+00
8.6721536351166117e-01
-2.8999999999999995e+00
1.8100137174211266e+00
-7.8765432098765498e-01
1.4599451303155004e+00
6.2455418381344288e+00
-1.5315500685871017e+00
-1.1814814814814827e+00
-5.2237900077244417e+00
1.5621210173990816e+00
2.6298092357131329e+00
3.8694740797958443e-01
2.6298092357131324e+00
-1.4188071625918268e+00
3.2603901968650484e+00
-2.7587917050396529e+00
1.1250137602369511e+01
-2.1282107438877396e+00
-4.9047375096555594e+00
1.4667116284018025e+00
2.4691888423094555e+00
3.6331388960411087e-01
2.4691888423094563e+00
-1.3321509285484268e+00
3.0612559216643072e+00
-2.5902934721774837e+00
1.0563014938490022e+01
-1.9982263928226383e+00
-2.8999999999999986e+00
8.6721536351166040e-01
1.4599451303155018e+00
2.1481481481481191e-01
1.4599451303155024e+00
-7.8765432098765553e-01
1.8100137174211246e+00
-1.5315500685871011e+00
6.2455418381344252e+00
-1.1814814814814831e+00
-5.2237900077244559e+00
-5.2237900077244523e+00
-5.2237900077244541e+00
-5.2237900077244523e+00
3.8694740797958849e-01
3.8694740797958960e-01
3.8694740797959148e-01
-2.1282107438877405e+00
-2.1282107438877391e+00
5.2237900077244490e+01
-4.9047375096555657e+00
-4.9047375096555648e+00
-4.9047375096555665e+00
-4.9047375096555657e+00
3.6331388960411543e-01
3.6331388960411654e-01
3.6331388960411759e-01
-1.9982263928226374e+00
-1.9982263928226383e+00
4.9047375096555619e+01
-2.9000000000000026e+00
-2.9000000000000048e+00
-2.9000000000000035e+00
-2.9000000000000039e+00
2.1481481481481518e-01
2.1481481481481554e-01
2.1481481481481579e-01
-1.1814814814814825e+00
-1.1814814814814831e+00
2.9000000000000011e+01
