1.0439999999999996e+01
-4.3500000000000016e-01
1.7400000000000020e+00
-4.3499999999999922e-01
1.7399999999999989e+00
1.7399999999999989e+00
-3.2570550347600307e+00
1.3571062644833412e-01
-5.4284250579333904e-01
1.3571062644833443e-01
-5.4284250579333826e-01
-5.4284250579333926e-01
2.0743559721919747e+00
-8.6431498841332402e-02
3.4572599536532961e-01
-8.6431498841332208e-02
3.4572599536532900e-01
3.4572599536532889e-01
-4.3499999999999911e-01
2.8274999999999979e+00
-4.3500000000000005e-01
-9.7875000000000012e-01
-9.7874999999999901e-01
1.7399999999999991e+00
1.3571062644833479e-01
-8.8211907191417438e-01
1.3571062644833420e-01
3.0534890950875254e-01
3.0534890950875282e-01
-5.4284250579333826e-01
-8.6431498841332055e-02
5.6180474246865952e-01
-8.6431498841332374e-02
-1.9447087239299782e-01
-1.9447087239299748e-01
3.4572599536532911e-01
1.7400000000000013e+00
-4.3499999999999894e-01
1.0439999999999994e+01
1.7399999999999980e+00
-4.3499999999999928e-01
1.7399999999999995e+00
-5.4284250579333870e-01
1.3571062644833456e-01
-3.2570550347600276e+00
-5.4284250579333837e-01
1.3571062644833462e-01
-5.4284250579333848e-01
3.4572599536532972e-01
-8.6431498841332277e-02
2.0743559721919769e+00
3.4572599536532927e-01
-8.6431498841332222e-02
3.4572599536532933e-01
-4.3499999999999939e-01
-9.7874999999999857e-01
1.7399999999999987e+00
2.8274999999999961e+00
-9.7874999999999890e-01
-4.3499999999999917e-01
1.3571062644833504e-01
3.0534890950875326e-01
-5.4284250579333815e-01
-8.8211907191417527e-01
3.0534890950875293e-01
1.3571062644833493e-01
-8.6431498841332083e-02
-1.9447087239299748e-01
3.4572599536532944e-01
5.6180474246865952e-01
-1.9447087239299748e-01
-8.6431498841332138e-02
1.7399999999999984e+00
-9.7875000000000012e-01
-4.3499999999999939e-01
-9.7874999999999868e-01
2.8274999999999975e+00
-4.3500000000000005e-01
-5.4284250579333904e-01
3.0534890950875243e-01
1.3571062644833431e-01
3.0534890950875282e-01
-8.8211907191417438e-01
1.3571062644833437e-01
3.4572599536532883e-01
-1.9447087239299787e-01
-8.6431498841332374e-02
-1.9447087239299762e-01
5.6180474246865986e-01
-8.6431498841332360e-02
1.7399999999999998e+00
1.7399999999999993e+00
1.7399999999999998e+00
-4.3499999999999989e-01
-4.3499999999999966e-01
1.0439999999999991e+01
-5.4284250579333870e-01
-5.4284250579333848e-01
-5.4284250579333826e-01
1.3571062644833456e-01
1.3571062644833462e-01
-3.2570550347600302e+00
3.4572599536532916e-01
3.4572599536532922e-01
3.4572599536532950e-01
-8.6431498841332291e-02
-8.6431498841332180e-02
2.0743559721919738e+00
1.7657055034760020e+01
-7.3571062644833418e-01
2.9428425057933412e+00
-7.3571062644833352e-01
2.9428425057933363e+00
2.9428425057933367e+00
1.1249999999999995e+01
-4.6875000000000044e-01
1.8750000000000018e+00
-4.6874999999999967e-01
1.8750000000000000e+00
1.8749999999999991e+00
-3.2570550347600311e+00
1.3571062644833434e-01
-5.4284250579333915e-01
1.3571062644833415e-01
-5.4284250579333770e-01
-5.4284250579333904e-01
-7.3571062644833374e-01
4.7821190719141713e+00
-7.3571062644833418e-01
-1.6553489095087524e+00
-1.6553489095087521e+00
2.9428425057933376e+00
-4.6874999999999978e-01
3.0468750000000004e+00
-4.6875000000000000e-01
-1.0546875000000007e+00
-1.0546875000000007e+00
1.8750000000000016e+00
1.3571062644833429e-01
-8.8211907191417360e-01
1.3571062644833443e-01
3.0534890950875282e-01
3.0534890950875232e-01
-5.4284250579333815e-01
2.9428425057933403e+00
-7.3571062644833285e-01
1.7657055034760020e+01
2.9428425057933354e+00
-7.3571062644833363e-01
2.9428425057933381e+00
1.8750000000000020e+00
-4.6874999999999944e-01
1.1249999999999998e+01
1.8749999999999996e+00
-4.6874999999999972e-01
1.8750000000000009e+00
-5.4284250579333837e-01
1.3571062644833429e-01
-3.2570550347600249e+00
-5.4284250579333793e-01
1.3571062644833456e-01
-5.4284250579333793e-01
-7.3571062644833396e-01
-1.6553489095087508e+00
2.9428425057933367e+00
4.7821190719141695e+00
-1.6553489095087510e+00
-7.3571062644833374e-01
-4.6875000000000017e-01
-1.0546875000000000e+00
1.8750000000000002e+00
3.0468749999999991e+00
-1.0546874999999998e+00
-4.6875000000000006e-01
1.3571062644833476e-01
3.0534890950875243e-01
-5.4284250579333726e-01
-8.8211907191417349e-01
3.0534890950875276e-01
1.3571062644833454e-01
2.9428425057933345e+00
-1.6553489095087517e+00
-7.3571062644833363e-01
-1.6553489095087506e+00
4.7821190719141686e+00
-7.3571062644833418e-01
1.8749999999999982e+00
-1.0546875000000004e+00
-4.6874999999999972e-01
-1.0546874999999991e+00
3.0468749999999982e+00
-4.6875000000000056e-01
-5.4284250579333904e-01
3.0534890950875299e-01
1.3571062644833420e-01
3.0534890950875243e-01
-8.8211907191417438e-01
1.3571062644833465e-01
2.9428425057933376e+00
2.9428425057933363e+00
2.9428425057933376e+00
-7.3571062644833407e-01
-7.3571062644833396e-01
1.7657055034760013e+01
1.8750000000000002e+00
1.8749999999999998e+00
1.8750000000000004e+00
-4.6875000000000033e-01
-4.6874999999999994e-01
1.1249999999999995e+01
-5.4284250579333904e-01
-5.4284250579333904e-01
-5.4284250579333881e-01
1.3571062644833459e-01
1.3571062644833476e-01
-3.2570550347600307e+00
1.8805644027808022e+01
-7.8356850115866750e-01
3.1342740046346753e+00
-7.8356850115866605e-01
3.1342740046346687e+00
3.1342740046346695e+00
1.7657055034760027e+01
-7.3571062644833540e-01
2.9428425057933425e+00
-7.3571062644833363e-01
2.9428425057933385e+00
2.9428425057933376e+00
1.0440000000000003e+01
-4.3500000000000033e-01
1.7400000000000033e+00
-4.3499999999999966e-01
1.7400000000000004e+00
1.7400000000000002e+00
-7.8356850115866683e-01
5.0931952575313355e+00
-7.8356850115866716e-01
-1.7630291276070007e+00
-1.7630291276070014e+00
3.1342740046346678e+00
-7.3571062644833418e-01
4.7821190719141740e+00
-7.3571062644833440e-01
-1.6553489095087528e+00
-1.6553489095087528e+00
2.9428425057933381e+00
-4.3499999999999978e-01
2.8275000000000006e+00
-4.3500000000000028e-01
-9.7875000000000068e-01
-9.7875000000000012e-01
1.7400000000000002e+00
3.1342740046346744e+00
-7.8356850115866583e-01
1.8805644027808025e+01
3.1342740046346687e+00
-7.8356850115866672e-01
3.1342740046346709e+00
2.9428425057933421e+00
-7.3571062644833374e-01
1.7657055034760035e+01
2.9428425057933381e+00
-7.3571062644833418e-01
2.9428425057933389e+00
1.7400000000000024e+00
-4.3499999999999978e-01
1.0440000000000005e+01
1.7400000000000007e+00
-4.3499999999999994e-01
1.7400000000000009e+00
-7.8356850115866628e-01
-1.7630291276069994e+00
3.1342740046346700e+00
5.0931952575313337e+00
-1.7630291276070000e+00
-7.8356850115866539e-01
-7.3571062644833418e-01
-1.6553489095087517e+00
2.9428425057933381e+00
4.7821190719141713e+00
-1.6553489095087519e+00
-7.3571062644833340e-01
-4.3499999999999994e-01
-9.7875000000000012e-01
1.7400000000000007e+00
2.8274999999999997e+00
-9.7874999999999979e-01
-4.3499999999999983e-01
3.1342740046346673e+00
-1.7630291276070009e+00
-7.8356850115866705e-01
-1.7630291276070000e+00
5.0931952575313346e+00
-7.8356850115866694e-01
2.9428425057933372e+00
-1.6553489095087532e+00
-7.3571062644833440e-01
-1.6553489095087519e+00
4.7821190719141731e+00
-7.3571062644833485e-01
1.7399999999999995e+00
-9.7874999999999990e-01
-4.3500000000000000e-01
-9.7874999999999990e-01
2.8274999999999992e+00
-4.3499999999999994e-01
3.1342740046346704e+00
3.1342740046346669e+00
3.1342740046346709e+00
-7.8356850115866639e-01
-7.8356850115866639e-01
1.8805644027808004e+01
2.9428425057933389e+00
2.9428425057933376e+00
2.9428425057933394e+00
-7.3571062644833474e-01
-7.3571062644833418e-01
1.7657055034760020e+01
1.7400000000000007e+00
1.7400000000000002e+00
1.7400000000000011e+00
-4.3500000000000016e-01
-4.3499999999999978e-01
1.0439999999999998e+01
