6.1473978272210026e+01
-3.2978227927279327e+00
5.1228315226842747e-01
2.8815927315099199e-01
4.0982652181473487e+00
-3.2978227927279309e+00
5.1228315226841614e-01
2.8815927315098255e-01
4.0982652181473460e+00
5.1228315226841281e-01
2.8815927315098538e-01
4.0982652181473407e+00
2.8815927315098017e-01
4.0982652181473318e+00
4.0982652181473487e+00
-1.6236695620491442e+01
8.7103106714095435e-01
-1.3530579683742502e-01
-7.6109510721054305e-02
-1.0824463746994322e+00
8.7103106714094680e-01
-1.3530579683742935e-01
-7.6109510721053708e-02
-1.0824463746994279e+00
-1.3530579683742866e-01
-7.6109510721051793e-02
-1.0824463746994326e+00
-7.6109510721056400e-02
-1.0824463746994346e+00
-1.0824463746994168e+00
1.1414515480747115e+01
-6.1234119506091056e-01
9.5120962339564422e-02
5.3505541316004532e-02
7.6096769871647751e-01
-6.1234119506091156e-01
9.5120962339558732e-02
5.3505541316001430e-02
7.6096769871647840e-01
9.5120962339558496e-02
5.3505541316003345e-02
7.6096769871647496e-01
5.3505541315999744e-02
7.6096769871647107e-01
7.6096769871648406e-01
-7.5235255991645582e+00
4.0360580037184973e-01
-6.2696046659703866e-02
-3.5266526246084590e-02
-5.0156837327763926e-01
4.0360580037184968e-01
-6.2696046659704921e-02
-3.5266526246083833e-02
-5.0156837327763715e-01
-6.2696046659704407e-02
-3.5266526246083188e-02
-5.0156837327763915e-01
-3.5266526246084597e-02
-5.0156837327763915e-01
-5.0156837327763526e-01
-3.2978227927279371e+00
1.1545131295385135e+01
3.7900948843608617e+00
-7.8168205607362939e-01
2.8815927315099665e-01
-1.5197149861361121e+00
-1.3796375616877192e+00
-1.0493299920732428e-01
-1.2255523947944909e+00
2.2912664427630411e+00
4.9302250640676137e-01
-1.9670872604681768e+00
-1.2255523947944793e+00
-7.0726592433542324e-01
4.0982652181473345e+00
8.7103106714095058e-01
-3.0493354751130566e+00
-1.0010514812894191e+00
2.0646026128757727e-01
-7.6109510721050960e-02
4.0139178158486405e-01
3.6439410276212908e-01
2.7715225475246373e-02
3.2369665605711873e-01
-6.0517631788615278e-01
-1.3021861599930393e-01
5.1955311832497197e-01
3.2369665605712666e-01
1.8680524441300311e-01
-1.0824463746994311e+00
-6.1234119506091156e-01
2.1437050863195060e+00
7.0374649480907980e-01
-1.4514306997613399e-01
5.3505541316006676e-02
-2.8218135092480118e-01
-2.5617171278507678e-01
-1.9484005713595272e-02
-2.2756111083138506e-01
4.2544336671404787e-01
9.1544637095346618e-02
-3.6524963273354122e-01
-2.2756111083137673e-01
-1.3132544971440574e-01
7.6096769871647496e-01
4.0360580037185073e-01
-1.4129570476458360e+00
-4.6385278270891001e-01
9.5666575103307547e-02
-3.5266526246083708e-02
1.8599112865284839e-01
1.6884767839433693e-01
1.2842281041868756e-02
1.4998988310997191e-01
-2.8041786494281873e-01
-6.0338822249159332e-02
2.4074302291597591e-01
1.4998988310997369e-01
8.6559117153474516e-02
-5.0156837327763693e-01
5.1228315226842236e-01
3.7900948843608657e+00
9.9254860752005758e+00
3.7900948843608657e+00
5.1228315226842192e-01
2.2912664427630389e+00
-1.0705917439984491e+00
-1.0705917439984505e+00
2.2912664427630394e+00
2.8815927315098422e-01
8.7648445583424450e-01
2.8815927315098577e-01
-1.9670872604681804e+00
-1.9670872604681766e+00
4.0982652181473371e+00
-1.3530579683742860e-01
-1.0010514812894165e+00
-2.6215498137251800e+00
-1.0010514812894127e+00
-1.3530579683743063e-01
-6.0517631788615711e-01
2.8276797385947083e-01
2.8276797385946911e-01
-6.0517631788615556e-01
-7.6109510721055026e-02
-2.3149976177653825e-01
-7.6109510721050988e-02
5.1955311832496998e-01
5.1955311832497253e-01
-1.0824463746994306e+00
9.5120962339561410e-02
7.0374649480908380e-01
1.8429686453289613e+00
7.0374649480908169e-01
9.5120962339560855e-02
4.2544336671404359e-01
-1.9878794863931296e-01
-1.9878794863931407e-01
4.2544336671404492e-01
5.3505541316001624e-02
1.6274602150283976e-01
5.3505541316003706e-02
-3.6524963273354238e-01
-3.6524963273353966e-01
7.6096769871647352e-01
-6.2696046659704935e-02
-4.6385278270890795e-01
-1.2147359040317769e+00
-4.6385278270890995e-01
-6.2696046659704713e-02
-2.8041786494282073e-01
1.3102494126149244e-01
1.3102494126149197e-01
-2.8041786494281989e-01
-3.5266526246084028e-02
-1.0726901733183831e-01
-3.5266526246083500e-02
2.4074302291597507e-01
2.4074302291597635e-01
-5.0156837327763837e-01
2.8815927315099554e-01
-7.8168205607362984e-01
3.7900948843608715e+00
1.1545131295385147e+01
-3.2978227927279398e+00
-1.2255523947944875e+00
-1.0493299920732445e-01
-1.3796375616877223e+00
-1.5197149861361094e+00
-1.9670872604681806e+00
4.9302250640676276e-01
2.2912664427630403e+00
-7.0726592433542779e-01
-1.2255523947944849e+00
4.0982652181473398e+00
-7.6109510721053292e-02
2.0646026128757777e-01
-1.0010514812894098e+00
-3.0493354751130339e+00
8.7103106714094325e-01
3.2369665605711817e-01
2.7715225475245318e-02
3.6439410276212564e-01
4.0139178158486505e-01
5.1955311832496687e-01
-1.3021861599930229e-01
-6.0517631788615089e-01
1.8680524441299989e-01
3.2369665605712117e-01
-1.0824463746994257e+00
5.3505541316005656e-02
-1.4514306997613410e-01
7.0374649480908591e-01
2.1437050863195171e+00
-6.1234119506091644e-01
-2.2756111083138392e-01
-1.9484005713595837e-02
-2.5617171278507878e-01
-2.8218135092479835e-01
-3.6524963273354438e-01
9.1544637095347645e-02
4.2544336671404770e-01
-1.3132544971440843e-01
-2.2756111083138073e-01
7.6096769871647651e-01
-3.5266526246084950e-02
9.5666575103308130e-02
-4.6385278270890817e-01
-1.4129570476458293e+00
4.0360580037184796e-01
1.4998988310997158e-01
1.2842281041868303e-02
1.6884767839433612e-01
1.8599112865284867e-01
2.4074302291597416e-01
-6.0338822249158798e-02
-2.8041786494281945e-01
8.6559117153473461e-02
1.4998988310997197e-01
-5.0156837327763737e-01
4.0982652181473505e+00
2.8815927315099144e-01
5.1228315226842147e-01
-3.2978227927279371e+00
6.1473978272210047e+01
4.0982652181473407e+00
2.8815927315098111e-01
5.1228315226841747e-01
-3.2978227927279282e+00
4.0982652181473425e+00
2.8815927315098394e-01
5.1228315226841659e-01
4.0982652181473407e+00
2.8815927315098255e-01
4.0982652181473389e+00
-1.0824463746994324e+00
-7.6109510721056650e-02
-1.3530579683742996e-01
8.7103106714094658e-01
-1.6236695620491442e+01
-1.0824463746994279e+00
-7.6109510721052695e-02
-1.3530579683742855e-01
8.7103106714094569e-01
-1.0824463746994275e+00
-7.6109510721053472e-02
-1.3530579683742761e-01
-1.0824463746994244e+00
-7.6109510721054902e-02
-1.0824463746994299e+00
7.6096769871647862e-01
5.3505541316002388e-02
9.5120962339560119e-02
-6.1234119506091456e-01
1.1414515480747127e+01
7.6096769871647685e-01
5.3505541316001833e-02
9.5120962339559467e-02
-6.1234119506091111e-01
7.6096769871647685e-01
5.3505541316002166e-02
9.5120962339559564e-02
7.6096769871647751e-01
5.3505541316000479e-02
7.6096769871647518e-01
-5.0156837327763948e-01
-3.5266526246085395e-02
-6.2696046659705684e-02
4.0360580037184901e-01
-7.5235255991645689e+00
-5.0156837327763815e-01
-3.5266526246083181e-02
-6.2696046659704727e-02
4.0360580037184879e-01
-5.0156837327763826e-01
-3.5266526246083729e-02
-6.2696046659704324e-02
-5.0156837327763648e-01
-3.5266526246084513e-02
-5.0156837327763903e-01
-3.2978227927279296e+00
-1.5197149861361152e+00
2.2912664427630371e+00
-1.2255523947944906e+00
4.0982652181473451e+00
1.1545131295385156e+01
-1.3796375616877237e+00
4.9302250640676432e-01
-7.0726592433542834e-01
3.7900948843608750e+00
-1.0493299920732463e-01
-1.9670872604681828e+00
-7.8168205607363128e-01
-1.2255523947944873e+00
2.8815927315098461e-01
8.7103106714094503e-01
4.0139178158486211e-01
-6.0517631788615478e-01
3.2369665605711756e-01
-1.0824463746994235e+00
-3.0493354751130419e+00
3.6439410276212719e-01
-1.3021861599930198e-01
1.8680524441300220e-01
-1.0010514812894085e+00
2.7715225475244396e-02
5.1955311832496975e-01
2.0646026128758269e-01
3.2369665605711978e-01
-7.6109510721053666e-02
-6.1234119506091333e-01
-2.8218135092480240e-01
4.2544336671404465e-01
-2.2756111083138469e-01
7.6096769871648096e-01
2.1437050863195193e+00
-2.5617171278507861e-01
9.1544637095348200e-02
-1.3132544971440741e-01
7.0374649480908891e-01
-1.9484005713596479e-02
-3.6524963273354377e-01
-1.4514306997613252e-01
-2.2756111083138317e-01
5.3505541316002124e-02
4.0360580037184757e-01
1.8599112865284845e-01
-2.8041786494281962e-01
1.4998988310997172e-01
-5.0156837327763559e-01
-1.4129570476458326e+00
1.6884767839433665e-01
-6.0338822249159138e-02
8.6559117153474918e-02
-4.6385278270890817e-01
1.2842281041868218e-02
2.4074302291597566e-01
9.5666575103308893e-02
1.4998988310997161e-01
-3.5266526246083604e-02
5.1228315226841670e-01
-1.3796375616877203e+00
-1.0705917439984487e+00
-1.0493299920732441e-01
2.8815927315098033e-01
-1.3796375616877226e+00
1.9918509480045907e+00
1.8922959213430482e-01
4.9302250640676443e-01
-1.0705917439984503e+00
1.8922959213430507e-01
8.7648445583424572e-01
-1.0493299920732574e-01
4.9302250640676248e-01
2.8815927315098561e-01
-1.3530579683742844e-01
3.6439410276212847e-01
2.8276797385947072e-01
2.7715225475245353e-02
-7.6109510721053888e-02
3.6439410276212802e-01
-5.2609377940256086e-01
-4.9979900052497556e-02
-1.3021861599930271e-01
2.8276797385947006e-01
-4.9979900052497313e-02
-2.3149976177653808e-01
2.7715225475243764e-02
-1.3021861599930229e-01
-7.6109510721053070e-02
9.5120962339559412e-02
-2.5617171278507783e-01
-1.9878794863931287e-01
-1.9484005713595817e-02
5.3505541316000785e-02
-2.5617171278507772e-01
3.6984776519038587e-01
3.5136234379822398e-02
9.1544637095347936e-02
-1.9878794863931371e-01
3.5136234379822551e-02
1.6274602150284023e-01
-1.9484005713597017e-02
9.1544637095347645e-02
5.3505541316002415e-02
-6.2696046659704727e-02
1.6884767839433629e-01
1.3102494126149225e-01
1.2842281041868384e-02
-3.5266526246083729e-02
1.6884767839433684e-01
-2.4377374001524793e-01
-2.3158964501009040e-02
-6.0338822249159318e-02
1.3102494126149231e-01
-2.3158964501009002e-02
-1.0726901733183869e-01
1.2842281041867951e-02
-6.0338822249159034e-02
-3.5266526246083965e-02
2.8815927315098372e-01
-1.0493299920732505e-01
-1.0705917439984505e+00
-1.3796375616877214e+00
5.1228315226841925e-01
4.9302250640676371e-01
1.8922959213430493e-01
1.9918509480045918e+00
-1.3796375616877252e+00
8.7648445583424628e-01
1.8922959213430518e-01
-1.0705917439984505e+00
4.9302250640676398e-01
-1.0493299920732478e-01
2.8815927315098516e-01
-7.6109510721053278e-02
2.7715225475245006e-02
2.8276797385946961e-01
3.6439410276212669e-01
-1.3530579683742774e-01
-1.3021861599930240e-01
-4.9979900052497341e-02
-5.2609377940255941e-01
3.6439410276212725e-01
-2.3149976177653725e-01
-4.9979900052497424e-02
2.8276797385946950e-01
-1.3021861599930168e-01
2.7715225475244489e-02
-7.6109510721053514e-02
5.3505541316001895e-02
-1.9484005713596531e-02
-1.9878794863931354e-01
-2.5617171278507739e-01
9.5120962339559911e-02
9.1544637095347853e-02
3.5136234379822509e-02
3.6984776519038648e-01
-2.5617171278507878e-01
1.6274602150284037e-01
3.5136234379822599e-02
-1.9878794863931359e-01
9.1544637095348005e-02
-1.9484005713596653e-02
5.3505541316002554e-02
-3.5266526246083611e-02
1.2842281041868121e-02
1.3102494126149242e-01
1.6884767839433684e-01
-6.2696046659704657e-02
-6.0338822249159318e-02
-2.3158964501008971e-02
-2.4377374001524818e-01
1.6884767839433690e-01
-1.0726901733183855e-01
-2.3158964501009044e-02
1.3102494126149269e-01
-6.0338822249158867e-02
1.2842281041868128e-02
-3.5266526246083868e-02
4.0982652181473380e+00
-1.2255523947944877e+00
2.2912664427630376e+00
-1.5197149861361143e+00
-3.2978227927279344e+00
-7.0726592433542668e-01
4.9302250640676321e-01
-1.3796375616877241e+00
1.1545131295385149e+01
-1.9670872604681826e+00
-1.0493299920732471e-01
3.7900948843608688e+00
-1.2255523947944928e+00
-7.8168205607362939e-01
2.8815927315098544e-01
-1.0824463746994319e+00
3.2369665605712200e-01
-6.0517631788615578e-01
4.0139178158486388e-01
8.7103106714094247e-01
1.8680524441300353e-01
-1.3021861599930373e-01
3.6439410276212769e-01
-3.0493354751130548e+00
5.1955311832497031e-01
2.7715225475245131e-02
-1.0010514812894171e+00
3.2369665605711656e-01
2.0646026128758255e-01
-7.6109510721054235e-02
7.6096769871647463e-01
-2.2756111083138217e-01
4.2544336671404503e-01
-2.8218135092479879e-01
-6.1234119506091422e-01
-1.3132544971440607e-01
9.1544637095346951e-02
-2.5617171278507850e-01
2.1437050863195060e+00
-3.6524963273354277e-01
-1.9484005713596115e-02
7.0374649480908236e-01
-2.2756111083138486e-01
-1.4514306997613216e-01
5.3505541316002346e-02
-5.0156837327763759e-01
1.4998988310997266e-01
-2.8041786494281989e-01
1.8599112865284959e-01
4.0360580037184784e-01
8.6559117153475071e-02
-6.0338822249159610e-02
1.6884767839433665e-01
-1.4129570476458373e+00
2.4074302291597593e-01
1.2842281041868320e-02
-4.6385278270891050e-01
1.4998988310997169e-01
9.5666575103309198e-02
-3.5266526246084187e-02
5.1228315226841359e-01
2.2912664427630345e+00
2.8815927315098228e-01
-1.9670872604681793e+00
4.0982652181473425e+00
3.7900948843608702e+00
-1.0705917439984500e+00
8.7648445583424550e-01
-1.9670872604681811e+00
9.9254860752005829e+00
-1.0705917439984503e+00
2.8815927315098316e-01
3.7900948843608746e+00
2.2912664427630336e+00
5.1228315226841403e-01
-1.3530579683742802e-01
-6.0517631788615589e-01
-7.6109510721054124e-02
5.1955311832496831e-01
-1.0824463746994253e+00
-1.0010514812894125e+00
2.8276797385946956e-01
-2.3149976177653731e-01
5.1955311832497031e-01
-2.6215498137251778e+00
2.8276797385946978e-01
-7.6109510721054097e-02
-1.0010514812894076e+00
-6.0517631788615911e-01
-1.3530579683742847e-01
9.5120962339557621e-02
4.2544336671404492e-01
5.3505541316002041e-02
-3.6524963273354261e-01
7.6096769871647829e-01
7.0374649480908613e-01
-1.9878794863931418e-01
1.6274602150284051e-01
-3.6524963273354288e-01
1.8429686453289658e+00
-1.9878794863931357e-01
5.3505541316000930e-02
7.0374649480908824e-01
4.2544336671404109e-01
9.5120962339559842e-02
-6.2696046659703908e-02
-2.8041786494281984e-01
-3.5266526246084257e-02
2.4074302291597496e-01
-5.0156837327763648e-01
-4.6385278270890984e-01
1.3102494126149247e-01
-1.0726901733183833e-01
2.4074302291597591e-01
-1.2147359040317776e+00
1.3102494126149225e-01
-3.5266526246083389e-02
-4.6385278270890701e-01
-2.8041786494282084e-01
-6.2696046659704255e-02
2.8815927315098488e-01
4.9302250640676248e-01
8.7648445583424428e-01
4.9302250640676276e-01
2.8815927315098455e-01
-1.0493299920732452e-01
1.8922959213430540e-01
1.8922959213430537e-01
-1.0493299920732564e-01
-1.0705917439984500e+00
1.9918509480045912e+00
-1.0705917439984498e+00
-1.3796375616877228e+00
-1.3796375616877201e+00
5.1228315226841659e-01
-7.6109510721053208e-02
-1.3021861599930309e-01
-2.3149976177653867e-01
-1.3021861599930248e-01
-7.6109510721053500e-02
2.7715225475244295e-02
-4.9979900052497056e-02
-4.9979900052497271e-02
2.7715225475244205e-02
2.8276797385947006e-01
-5.2609377940256030e-01
2.8276797385947033e-01
3.6439410276212730e-01
3.6439410276212897e-01
-1.3530579683742872e-01
5.3505541316002860e-02
9.1544637095347325e-02
1.6274602150283954e-01
9.1544637095347464e-02
5.3505541316002554e-02
-1.9484005713596604e-02
3.5136234379822821e-02
3.5136234379822669e-02
-1.9484005713596837e-02
-1.9878794863931371e-01
3.6984776519038670e-01
-1.9878794863931340e-01
-2.5617171278507855e-01
-2.5617171278507700e-01
9.5120962339558982e-02
-3.5266526246083507e-02
-6.0338822249159124e-02
-1.0726901733183841e-01
-6.0338822249159034e-02
-3.5266526246083577e-02
1.2842281041868105e-02
-2.3158964501008916e-02
-2.3158964501008988e-02
1.2842281041868084e-02
1.3102494126149200e-01
-2.4377374001524743e-01
1.3102494126149211e-01
1.6884767839433582e-01
1.6884767839433659e-01
-6.2696046659704505e-02
4.0982652181473389e+00
-1.9670872604681782e+00
2.8815927315098699e-01
2.2912664427630349e+00
5.1228315226840937e-01
-1.9670872604681802e+00
8.7648445583424439e-01
-1.0705917439984509e+00
3.7900948843608759e+00
2.8815927315098172e-01
-1.0705917439984500e+00
9.9254860752005776e+00
2.2912664427630354e+00
3.7900948843608648e+00
5.1228315226841570e-01
-1.0824463746994322e+00
5.1955311832497120e-01
-7.6109510721051571e-02
-6.0517631788615489e-01
-1.3530579683743252e-01
5.1955311832497153e-01
-2.3149976177653928e-01
2.8276797385946906e-01
-1.0010514812894133e+00
-7.6109510721054749e-02
2.8276797385947033e-01
-2.6215498137251831e+00
-6.0517631788615955e-01
-1.0010514812894140e+00
-1.3530579683742772e-01
7.6096769871647385e-01
-3.6524963273354166e-01
5.3505541316003651e-02
4.2544336671404348e-01
9.5120962339555720e-02
-3.6524963273354122e-01
1.6274602150283915e-01
-1.9878794863931407e-01
7.0374649480908635e-01
5.3505541316001277e-02
-1.9878794863931354e-01
1.8429686453289604e+00
4.2544336671404243e-01
7.0374649480908347e-01
9.5120962339559134e-02
-5.0156837327763915e-01
2.4074302291597593e-01
-3.5266526246083570e-02
-2.8041786494282017e-01
-6.2696046659705365e-02
2.4074302291597641e-01
-1.0726901733183904e-01
1.3102494126149231e-01
-4.6385278270891028e-01
-3.5266526246083715e-02
1.3102494126149239e-01
-1.2147359040317807e+00
-2.8041786494282089e-01
-4.6385278270890912e-01
-6.2696046659704754e-02
2.8815927315098300e-01
-1.2255523947944875e+00
-1.9670872604681799e+00
-7.0726592433542401e-01
4.0982652181473354e+00
-7.8168205607363306e-01
-1.0493299920732488e-01
4.9302250640676248e-01
-1.2255523947944864e+00
3.7900948843608679e+00
-1.3796375616877219e+00
2.2912664427630403e+00
1.1545131295385154e+01
-1.5197149861361197e+00
-3.2978227927279349e+00
-7.6109510721054874e-02
3.2369665605712017e-01
5.1955311832497086e-01
1.8680524441300270e-01
-1.0824463746994277e+00
2.0646026128758033e-01
2.7715225475244670e-02
-1.3021861599930279e-01
3.2369665605712167e-01
-1.0010514812894151e+00
3.6439410276212814e-01
-6.0517631788615578e-01
-3.0493354751130428e+00
4.0139178158485672e-01
8.7103106714094558e-01
5.3505541316000750e-02
-2.2756111083138356e-01
-3.6524963273354222e-01
-1.3132544971440588e-01
7.6096769871647452e-01
-1.4514306997613327e-01
-1.9484005713596309e-02
9.1544637095347256e-02
-2.2756111083138048e-01
7.0374649480908258e-01
-2.5617171278507794e-01
4.2544336671404581e-01
2.1437050863195153e+00
-2.8218135092480551e-01
-6.1234119506091322e-01
-3.5266526246084035e-02
1.4998988310997141e-01
2.4074302291597482e-01
8.6559117153474308e-02
-5.0156837327763615e-01
9.5666575103308477e-02
1.2842281041868379e-02
-6.0338822249159221e-02
1.4998988310997274e-01
-4.6385278270890939e-01
1.6884767839433609e-01
-2.8041786494281895e-01
-1.4129570476458311e+00
1.8599112865284773e-01
4.0360580037184784e-01
4.0982652181473327e+00
-7.0726592433542435e-01
-1.9670872604681784e+00
-1.2255523947944877e+00
2.8815927315098278e-01
-1.2255523947944884e+00
4.9302250640676171e-01
-1.0493299920732492e-01
-7.8168205607362951e-01
2.2912664427630371e+00
-1.3796375616877226e+00
3.7900948843608657e+00
-1.5197149861361123e+00
1.1545131295385138e+01
-3.2978227927279322e+00
-1.0824463746994288e+00
1.8680524441300328e-01
5.1955311832497064e-01
3.2369665605711889e-01
-7.6109510721053431e-02
3.2369665605712167e-01
-1.3021861599930337e-01
2.7715225475244774e-02
2.0646026128758110e-01
-6.0517631788615422e-01
3.6439410276212714e-01
-1.0010514812894147e+00
4.0139178158486266e-01
-3.0493354751130459e+00
8.7103106714094825e-01
7.6096769871647341e-01
-1.3132544971440582e-01
-3.6524963273354144e-01
-2.2756111083138186e-01
5.3505541316001937e-02
-2.2756111083138142e-01
9.1544637095346604e-02
-1.9484005713596271e-02
-1.4514306997613366e-01
4.2544336671404598e-01
-2.5617171278507855e-01
7.0374649480908269e-01
-2.8218135092480001e-01
2.1437050863195104e+00
-6.1234119506091100e-01
-5.0156837327763715e-01
8.6559117153474335e-02
2.4074302291597538e-01
1.4998988310997222e-01
-3.5266526246084062e-02
1.4998988310997274e-01
-6.0338822249159388e-02
1.2842281041868296e-02
9.5666575103308574e-02
-2.8041786494281912e-01
1.6884767839433626e-01
-4.6385278270890967e-01
1.8599112865284900e-01
-1.4129570476458331e+00
4.0360580037184995e-01
4.0982652181473416e+00
4.0982652181473389e+00
4.0982652181473398e+00
4.0982652181473389e+00
4.0982652181473380e+00
2.8815927315098694e-01
2.8815927315098450e-01
2.8815927315098455e-01
2.8815927315098583e-01
5.1228315226841559e-01
5.1228315226841703e-01
5.1228315226841525e-01
-3.2978227927279362e+00
-3.2978227927279322e+00
6.1473978272210047e+01
-1.0824463746994295e+00
-1.0824463746994311e+00
-1.0824463746994295e+00
-1.0824463746994291e+00
-1.0824463746994317e+00
-7.6109510721052667e-02
-7.6109510721053361e-02
-7.6109510721053458e-02
-7.6109510721054319e-02
-1.3530579683742769e-01
-1.3530579683742847e-01
-1.3530579683742788e-01
8.7103106714094503e-01
8.7103106714094714e-01
-1.6236695620491425e+01
7.6096769871647796e-01
7.6096769871647574e-01
7.6096769871647518e-01
7.6096769871647463e-01
7.6096769871647596e-01
5.3505541316002540e-02
5.3505541316002034e-02
5.3505541316002499e-02
5.3505541316001277e-02
9.5120962339560855e-02
9.5120962339559217e-02
9.5120962339558995e-02
-6.1234119506091367e-01
-6.1234119506091145e-01
1.1414515480747131e+01
-5.0156837327763837e-01
-5.0156837327763648e-01
-5.0156837327763792e-01
-5.0156837327763859e-01
-5.0156837327763804e-01
-3.5266526246084312e-02
-3.5266526246083861e-02
-3.5266526246083743e-02
-3.5266526246084597e-02
-6.2696046659704061e-02
-6.2696046659704546e-02
-6.2696046659704921e-02
4.0360580037184812e-01
4.0360580037184951e-01
-7.5235255991645564e+00
1.1462099813677155e+02
-6.1489389625455519e+00
9.5517498447311122e-01
5.3728592876612802e-01
7.6413998757847894e+00
-6.1489389625455519e+00
9.5517498447309412e-01
5.3728592876611547e-01
7.6413998757847788e+00
9.5517498447309146e-01
5.3728592876611803e-01
7.6413998757847716e+00
5.3728592876610914e-01
7.6413998757847663e+00
7.6413998757847876e+00
6.5785496946448873e+01
-3.5291178049397027e+00
5.4821247455375133e-01
3.0836951693648601e-01
4.3856997964299369e+00
-3.5291178049397010e+00
5.4821247455373900e-01
3.0836951693647835e-01
4.3856997964299325e+00
5.4821247455373845e-01
3.0836951693648024e-01
4.3856997964299262e+00
3.0836951693647274e-01
4.3856997964299236e+00
4.3856997964299396e+00
-1.9154668980132367e+01
1.0275681796633542e+00
-1.5962224150110016e-01
-8.9787510844371865e-02
-1.2769779320088286e+00
1.0275681796633516e+00
-1.5962224150110388e-01
-8.9787510844369811e-02
-1.2769779320088235e+00
-1.5962224150110133e-01
-8.9787510844368507e-02
-1.2769779320088290e+00
-8.9787510844373183e-02
-1.2769779320088284e+00
-1.2769779320088110e+00
1.1414515480747054e+01
-6.1234119506090723e-01
9.5120962339561216e-02
5.3505541316003102e-02
7.6096769871647174e-01
-6.1234119506090834e-01
9.5120962339558163e-02
5.3505541316001770e-02
7.6096769871647096e-01
9.5120962339557927e-02
5.3505541316002665e-02
7.6096769871646830e-01
5.3505541316001562e-02
7.6096769871646641e-01
7.6096769871647318e-01
-6.1489389625455599e+00
2.1526416703298690e+01
7.0668024241876690e+00
-1.4574813605851555e+00
5.3728592876613313e-01
-2.8335769619952642e+00
-2.5723963021783947e+00
-1.9565229784495411e-01
-2.2850975763798558e+00
4.2721693641472447e+00
9.1926264374827749e-01
-3.6677226942853602e+00
-2.2850975763798433e+00
-1.3187291350574597e+00
7.6413998757847708e+00
-3.5291178049397085e+00
1.2354856817884704e+01
4.0559157297061850e+00
-8.3650585106466113e-01
3.0836951693648990e-01
-1.6263012154058891e+00
-1.4763993668950923e+00
-1.1229254544692066e-01
-1.3115073335332339e+00
2.4519659506407532e+00
5.2760097038350673e-01
-2.1050502440872116e+00
-1.3115073335332199e+00
-7.5687049404331030e-01
4.3856997964299218e+00
1.0275681796633538e+00
-3.5973459748454157e+00
-1.1809551773558216e+00
2.4356421127487343e-01
-8.9787510844370269e-02
4.7352779699215580e-01
4.2988109033170813e-01
3.2696059721540667e-02
3.8186971300520028e-01
-7.1393541608891975e-01
-1.5362081933529023e-01
6.1292446638900255e-01
3.8186971300520772e-01
2.2037689836150870e-01
-1.2769779320088277e+00
-6.1234119506091200e-01
2.1437050863194997e+00
7.0374649480907669e-01
-1.4514306997613283e-01
5.3505541316003491e-02
-2.8218135092480390e-01
-2.5617171278507478e-01
-1.9484005713595928e-02
-2.2756111083138256e-01
4.2544336671404148e-01
9.1544637095346756e-02
-3.6524963273353883e-01
-2.2756111083137881e-01
-1.3132544971440438e-01
7.6096769871646786e-01
9.5517498447310889e-01
7.0668024241876743e+00
1.8506515324166244e+01
7.0668024241876743e+00
9.5517498447310722e-01
4.2721693641472545e+00
-1.9961664714574472e+00
-1.9961664714574496e+00
4.2721693641472562e+00
5.3728592876611680e-01
1.6342446999969387e+00
5.3728592876611858e-01
-3.6677226942853669e+00
-3.6677226942853651e+00
7.6413998757847743e+00
5.4821247455374977e-01
4.0559157297061885e+00
1.0621616694478726e+01
4.0559157297061956e+00
5.4821247455374489e-01
2.4519659506407554e+00
-1.1456784136181688e+00
-1.1456784136181706e+00
2.4519659506407576e+00
3.0836951693647763e-01
9.3795728068179141e-01
3.0836951693648074e-01
-2.1050502440872161e+00
-2.1050502440872139e+00
4.3856997964299262e+00
-1.5962224150110060e-01
-1.1809551773558193e+00
-3.0926809290838735e+00
-1.1809551773558198e+00
-1.5962224150110443e-01
-7.1393541608892208e-01
3.3358554376207211e-01
3.3358554376207000e-01
-7.1393541608891642e-01
-8.9787510844372143e-02
-2.7310367881829295e-01
-8.9787510844367258e-02
6.1292446638900155e-01
6.1292446638900311e-01
-1.2769779320088264e+00
9.5120962339560078e-02
7.0374649480907969e-01
1.8429686453289489e+00
7.0374649480907736e-01
9.5120962339560258e-02
4.2544336671404037e-01
-1.9878794863931121e-01
-1.9878794863931171e-01
4.2544336671404226e-01
5.3505541316001555e-02
1.6274602150283901e-01
5.3505541316001978e-02
-3.6524963273354000e-01
-3.6524963273353933e-01
7.6096769871646863e-01
5.3728592876612968e-01
-1.4574813605851531e+00
7.0668024241876859e+00
2.1526416703298711e+01
-6.1489389625455697e+00
-2.2850975763798527e+00
-1.9565229784495453e-01
-2.5723963021784018e+00
-2.8335769619952589e+00
-3.6677226942853665e+00
9.1926264374827893e-01
4.2721693641472474e+00
-1.3187291350574668e+00
-2.2850975763798513e+00
7.6413998757847814e+00
3.0836951693648640e-01
-8.3650585106465947e-01
4.0559157297062018e+00
1.2354856817884732e+01
-3.5291178049397209e+00
-1.3115073335332326e+00
-1.1229254544692172e-01
-1.4763993668950997e+00
-1.6263012154058842e+00
-2.1050502440872201e+00
5.2760097038350884e-01
2.4519659506407581e+00
-7.5687049404331885e-01
-1.3115073335332290e+00
4.3856997964299351e+00
-8.9787510844375570e-02
2.4356421127487651e-01
-1.1809551773558187e+00
-3.5973459748454073e+00
1.0275681796633434e+00
3.8186971300519884e-01
3.2696059721539814e-02
4.2988109033170352e-01
4.7352779699216185e-01
6.1292446638899678e-01
-1.5362081933528920e-01
-7.1393541608891486e-01
2.2037689836150401e-01
3.8186971300520339e-01
-1.2769779320088228e+00
5.3505541316000334e-02
-1.4514306997613088e-01
7.0374649480907836e-01
2.1437050863194993e+00
-6.1234119506091134e-01
-2.2756111083138097e-01
-1.9484005713596375e-02
-2.5617171278507567e-01
-2.8218135092480323e-01
-3.6524963273354016e-01
9.1544637095347298e-02
4.2544336671404082e-01
-1.3132544971440646e-01
-2.2756111083138100e-01
7.6096769871647030e-01
7.6413998757847956e+00
5.3728592876612968e-01
9.5517498447310523e-01
-6.1489389625455653e+00
1.1462099813677162e+02
7.6413998757847859e+00
5.3728592876610981e-01
9.5517498447309857e-01
-6.1489389625455502e+00
7.6413998757847823e+00
5.3728592876611725e-01
9.5517498447309102e-01
7.6413998757847770e+00
5.3728592876610848e-01
7.6413998757847832e+00
4.3856997964299431e+00
3.0836951693648629e-01
5.4821247455374278e-01
-3.5291178049397165e+00
6.5785496946448959e+01
4.3856997964299387e+00
3.0836951693647502e-01
5.4821247455374311e-01
-3.5291178049397049e+00
4.3856997964299396e+00
3.0836951693647879e-01
5.4821247455373845e-01
4.3856997964299396e+00
3.0836951693647485e-01
4.3856997964299298e+00
-1.2769779320088244e+00
-8.9787510844373156e-02
-1.5962224150110543e-01
1.0275681796633487e+00
-1.9154668980132335e+01
-1.2769779320088233e+00
-8.9787510844369270e-02
-1.5962224150110227e-01
1.0275681796633482e+00
-1.2769779320088221e+00
-8.9787510844369547e-02
-1.5962224150110330e-01
-1.2769779320088168e+00
-8.9787510844374863e-02
-1.2769779320088226e+00
7.6096769871647374e-01
5.3505541316003151e-02
9.5120962339557968e-02
-6.1234119506091145e-01
1.1414515480747067e+01
7.6096769871646952e-01
5.3505541316001499e-02
9.5120962339559023e-02
-6.1234119506090900e-01
7.6096769871647119e-01
5.3505541316001853e-02
9.5120962339558385e-02
7.6096769871647141e-01
5.3505541316001368e-02
7.6096769871646841e-01
-6.1489389625455448e+00
-2.8335769619952651e+00
4.2721693641472474e+00
-2.2850975763798593e+00
7.6413998757847903e+00
2.1526416703298725e+01
-2.5723963021784035e+00
9.1926264374828093e-01
-1.3187291350574650e+00
7.0668024241876877e+00
-1.9565229784495378e-01
-3.6677226942853691e+00
-1.4574813605851606e+00
-2.2850975763798527e+00
5.3728592876611558e-01
-3.5291178049396947e+00
-1.6263012154058838e+00
2.4519659506407514e+00
-1.3115073335332366e+00
4.3856997964299413e+00
1.2354856817884723e+01
-1.4763993668950997e+00
5.2760097038350984e-01
-7.5687049404331552e-01
4.0559157297062045e+00
-1.1229254544692244e-01
-2.1050502440872170e+00
-8.3650585106465813e-01
-1.3115073335332283e+00
3.0836951693647768e-01
1.0275681796633529e+00
4.7352779699215874e-01
-7.1393541608892064e-01
3.8186971300519984e-01
-1.2769779320088210e+00
-3.5973459748454180e+00
4.2988109033170563e-01
-1.5362081933528965e-01
2.2037689836151014e-01
-1.1809551773558173e+00
3.2696059721538641e-02
6.1292446638900366e-01
2.4356421127488098e-01
3.8186971300520289e-01
-8.9787510844372254e-02
-6.1234119506090545e-01
-2.8218135092480157e-01
4.2544336671403959e-01
-2.2756111083138200e-01
7.6096769871647196e-01
2.1437050863194953e+00
-2.5617171278507594e-01
9.1544637095346867e-02
-1.3132544971440435e-01
7.0374649480907858e-01
-1.9484005713596462e-02
-3.6524963273353850e-01
-1.4514306997613197e-01
-2.2756111083138023e-01
5.3505541316000958e-02
9.5517498447309501e-01
-2.5723963021783964e+00
-1.9961664714574463e+00
-1.9565229784495283e-01
5.3728592876610859e-01
-2.5723963021784026e+00
3.7138957037887024e+00
3.5282708777045679e-01
9.1926264374827993e-01
-1.9961664714574485e+00
3.5282708777045724e-01
1.6342446999969393e+00
-1.9565229784495486e-01
9.1926264374827804e-01
5.3728592876611814e-01
5.4821247455374023e-01
-1.4763993668950943e+00
-1.1456784136181677e+00
-1.1229254544692037e-01
3.0836951693647374e-01
-1.4763993668950983e+00
2.1315507494489441e+00
2.0250133642573415e-01
5.2760097038350928e-01
-1.1456784136181708e+00
2.0250133642573490e-01
9.3795728068179152e-01
-1.1229254544692360e-01
5.2760097038350762e-01
3.0836951693648057e-01
-1.5962224150110305e-01
4.2988109033170668e-01
3.3358554376207222e-01
3.2696059721540084e-02
-8.9787510844370089e-02
4.2988109033170691e-01
-6.2064058060218852e-01
-5.8962024265422144e-02
-1.5362081933529029e-01
3.3358554376207133e-01
-5.8962024265421721e-02
-2.7310367881829356e-01
3.2696059721538155e-02
-1.5362081933528920e-01
-8.9787510844369797e-02
9.5120962339558496e-02
-2.5617171278507628e-01
-1.9878794863931146e-01
-1.9484005713595896e-02
5.3505541316001062e-02
-2.5617171278507556e-01
3.6984776519038393e-01
3.5136234379822232e-02
9.1544637095347020e-02
-1.9878794863931212e-01
3.5136234379822474e-02
1.6274602150283857e-01
-1.9484005713596670e-02
9.1544637095346798e-02
5.3505541316001541e-02
5.3728592876611514e-01
-1.9565229784495419e-01
-1.9961664714574496e+00
-2.5723963021784004e+00
9.5517498447310090e-01
9.1926264374828004e-01
3.5282708777045718e-01
3.7138957037887050e+00
-2.5723963021784062e+00
1.6342446999969411e+00
3.5282708777045757e-01
-1.9961664714574490e+00
9.1926264374827993e-01
-1.9565229784495386e-01
5.3728592876611847e-01
3.0836951693647802e-01
-1.1229254544692131e-01
-1.1456784136181704e+00
-1.4763993668950974e+00
5.4821247455374478e-01
5.2760097038350939e-01
2.0250133642573445e-01
2.1315507494489450e+00
-1.4763993668950999e+00
9.3795728068179385e-01
2.0250133642573451e-01
-1.1456784136181697e+00
5.2760097038351017e-01
-1.1229254544692174e-01
3.0836951693648013e-01
-8.9787510844370338e-02
3.2696059721539696e-02
3.3358554376207050e-01
4.2988109033170491e-01
-1.5962224150110194e-01
-1.5362081933528940e-01
-5.8962024265421832e-02
-6.2064058060218674e-01
4.2988109033170507e-01
-2.7310367881829195e-01
-5.8962024265421735e-02
3.3358554376207011e-01
-1.5362081933528854e-01
3.2696059721538169e-02
-8.9787510844368937e-02
5.3505541316001909e-02
-1.9484005713596462e-02
-1.9878794863931190e-01
-2.5617171278507567e-01
9.5120962339559190e-02
9.1544637095346687e-02
3.5136234379822370e-02
3.6984776519038343e-01
-2.5617171278507600e-01
1.6274602150283887e-01
3.5136234379822377e-02
-1.9878794863931137e-01
9.1544637095347325e-02
-1.9484005713596257e-02
5.3505541316001826e-02
7.6413998757847779e+00
-2.2850975763798540e+00
4.2721693641472491e+00
-2.8335769619952629e+00
-6.1489389625455591e+00
-1.3187291350574633e+00
9.1926264374827871e-01
-2.5723963021784044e+00
2.1526416703298718e+01
-3.6677226942853709e+00
-1.9565229784495336e-01
7.0668024241876770e+00
-2.2850975763798629e+00
-1.4574813605851593e+00
5.3728592876611614e-01
4.3856997964299316e+00
-1.3115073335332312e+00
2.4519659506407550e+00
-1.6263012154058842e+00
-3.5291178049397107e+00
-7.5687049404331341e-01
5.2760097038350773e-01
-1.4763993668950983e+00
1.2354856817884718e+01
-2.1050502440872201e+00
-1.1229254544692044e-01
4.0559157297061885e+00
-1.3115073335332410e+00
-8.3650585106466135e-01
3.0836951693647841e-01
-1.2769779320088213e+00
3.8186971300520250e-01
-7.1393541608891564e-01
4.7352779699216357e-01
1.0275681796633458e+00
2.2037689836151020e-01
-1.5362081933529106e-01
4.2988109033170474e-01
-3.5973459748454157e+00
6.1292446638900244e-01
3.2696059721539425e-02
-1.1809551773558178e+00
3.8186971300519740e-01
2.4356421127488140e-01
-8.9787510844370533e-02
7.6096769871647196e-01
-2.2756111083138114e-01
4.2544336671404276e-01
-2.8218135092480112e-01
-6.1234119506091012e-01
-1.3132544971440463e-01
9.1544637095346632e-02
-2.5617171278507639e-01
2.1437050863194989e+00
-3.6524963273353955e-01
-1.9484005713596136e-02
7.0374649480907825e-01
-2.2756111083138283e-01
-1.4514306997613166e-01
5.3505541316001999e-02
9.5517498447308979e-01
4.2721693641472420e+00
5.3728592876611414e-01
-3.6677226942853678e+00
7.6413998757847850e+00
7.0668024241876877e+00
-1.9961664714574485e+00
1.6342446999969407e+00
-3.6677226942853682e+00
1.8506515324166251e+01
-1.9961664714574487e+00
5.3728592876611303e-01
7.0668024241876841e+00
4.2721693641472411e+00
9.5517498447309412e-01
5.4821247455373656e-01
2.4519659506407505e+00
3.0836951693647613e-01
-2.1050502440872196e+00
4.3856997964299440e+00
4.0559157297062054e+00
-1.1456784136181710e+00
9.3795728068179340e-01
-2.1050502440872179e+00
1.0621616694478744e+01
-1.1456784136181724e+00
3.0836951693647940e-01
4.0559157297062072e+00
2.4519659506407523e+00
5.4821247455373834e-01
-1.5962224150110257e-01
-7.1393541608891764e-01
-8.9787510844370713e-02
6.1292446638899822e-01
-1.2769779320088177e+00
-1.1809551773558129e+00
3.3358554376206978e-01
-2.7310367881829173e-01
6.1292446638900133e-01
-3.0926809290838637e+00
3.3358554376206967e-01
-8.9787510844370880e-02
-1.1809551773558100e+00
-7.1393541608892241e-01
-1.5962224150109991e-01
9.5120962339558551e-02
4.2544336671404154e-01
5.3505541316000209e-02
-3.6524963273354044e-01
7.6096769871647396e-01
7.0374649480907969e-01
-1.9878794863931204e-01
1.6274602150283909e-01
-3.6524963273354044e-01
1.8429686453289533e+00
-1.9878794863931293e-01
5.3505541316002707e-02
7.0374649480908291e-01
4.2544336671404204e-01
9.5120962339559023e-02
5.3728592876611858e-01
9.1926264374827815e-01
1.6342446999969391e+00
9.1926264374827904e-01
5.3728592876611714e-01
-1.9565229784495339e-01
3.5282708777045779e-01
3.5282708777045763e-01
-1.9565229784495450e-01
-1.9961664714574485e+00
3.7138957037887042e+00
-1.9961664714574472e+00
-2.5723963021784022e+00
-2.5723963021783973e+00
9.5517498447309601e-01
3.0836951693648068e-01
5.2760097038350706e-01
9.3795728068179118e-01
5.2760097038350851e-01
3.0836951693647940e-01
-1.1229254544692241e-01
2.0250133642573534e-01
2.0250133642573490e-01
-1.1229254544692222e-01
-1.1456784136181715e+00
2.1315507494489454e+00
-1.1456784136181692e+00
-1.4763993668950985e+00
-1.4763993668950948e+00
5.4821247455374078e-01
-8.9787510844368729e-02
-1.5362081933528984e-01
-2.7310367881829356e-01
-1.5362081933528962e-01
-8.9787510844369436e-02
3.2696059721538190e-02
-5.8962024265421346e-02
-5.8962024265421617e-02
3.2696059721538419e-02
3.3358554376207039e-01
-6.2064058060218696e-01
3.3358554376207117e-01
4.2988109033170435e-01
4.2988109033170752e-01
-1.5962224150110274e-01
5.3505541316002318e-02
9.1544637095347228e-02
1.6274602150283918e-01
9.1544637095346923e-02
5.3505541316002103e-02
-1.9484005713596243e-02
3.5136234379822440e-02
3.5136234379822426e-02
-1.9484005713596299e-02
-1.9878794863931262e-01
3.6984776519038470e-01
-1.9878794863931254e-01
-2.5617171278507750e-01
-2.5617171278507606e-01
9.5120962339558759e-02
7.6413998757847725e+00
-3.6677226942853602e+00
5.3728592876612025e-01
4.2721693641472420e+00
9.5517498447308158e-01
-3.6677226942853665e+00
1.6342446999969367e+00
-1.9961664714574492e+00
7.0668024241876859e+00
5.3728592876611292e-01
-1.9961664714574481e+00
1.8506515324166234e+01
4.2721693641472438e+00
7.0668024241876708e+00
9.5517498447309335e-01
4.3856997964299271e+00
-2.1050502440872121e+00
3.0836951693648390e-01
2.4519659506407550e+00
5.4821247455372846e-01
-2.1050502440872143e+00
9.3795728068178919e-01
-1.1456784136181712e+00
4.0559157297062001e+00
3.0836951693647757e-01
-1.1456784136181697e+00
1.0621616694478723e+01
2.4519659506407492e+00
4.0559157297061921e+00
5.4821247455373934e-01
-1.2769779320088253e+00
6.1292446638900255e-01
-8.9787510844367216e-02
-7.1393541608891620e-01
-1.5962224150110860e-01
6.1292446638900244e-01
-2.7310367881829528e-01
3.3358554376206856e-01
-1.1809551773558142e+00
-8.9787510844370352e-02
3.3358554376207006e-01
-3.0926809290838690e+00
-7.1393541608892097e-01
-1.1809551773558149e+00
-1.5962224150110332e-01
7.6096769871647041e-01
-3.6524963273353955e-01
5.3505541316002513e-02
4.2544336671404176e-01
9.5120962339556150e-02
-3.6524963273354000e-01
1.6274602150283818e-01
-1.9878794863931257e-01
7.0374649480908091e-01
5.3505541316002117e-02
-1.9878794863931268e-01
1.8429686453289513e+00
4.2544336671404281e-01
7.0374649480907936e-01
9.5120962339557788e-02
5.3728592876610937e-01
-2.2850975763798522e+00
-3.6677226942853673e+00
-1.3187291350574613e+00
7.6413998757847637e+00
-1.4574813605851662e+00
-1.9565229784495347e-01
9.1926264374827782e-01
-2.2850975763798491e+00
7.0668024241876699e+00
-2.5723963021783987e+00
4.2721693641472474e+00
2.1526416703298711e+01
-2.8335769619952722e+00
-6.1489389625455573e+00
3.0836951693647213e-01
-1.3115073335332290e+00
-2.1050502440872170e+00
-7.5687049404331264e-01
4.3856997964299262e+00
-8.3650585106466524e-01
-1.1229254544692169e-01
5.2760097038350795e-01
-1.3115073335332286e+00
4.0559157297061903e+00
-1.4763993668950968e+00
2.4519659506407545e+00
1.2354856817884727e+01
-1.6263012154058940e+00
-3.5291178049397094e+00
-8.9787510844374335e-02
3.8186971300520095e-01
6.1292446638900089e-01
2.2037689836150814e-01
-1.2769779320088239e+00
2.4356421127487621e-01
3.2696059721539016e-02
-1.5362081933528976e-01
3.8186971300520517e-01
-1.1809551773558209e+00
4.2988109033170574e-01
-7.1393541608891919e-01
-3.5973459748454077e+00
4.7352779699215308e-01
1.0275681796633478e+00
5.3505541316001472e-02
-2.2756111083138206e-01
-3.6524963273354083e-01
-1.3132544971440488e-01
7.6096769871647052e-01
-1.4514306997613452e-01
-1.9484005713595882e-02
9.1544637095346520e-02
-2.2756111083137989e-01
7.0374649480907814e-01
-2.5617171278507667e-01
4.2544336671404448e-01
2.1437050863195024e+00
-2.8218135092480079e-01
-6.1234119506091089e-01
7.6413998757847619e+00
-1.3187291350574588e+00
-3.6677226942853656e+00
-2.2850975763798553e+00
5.3728592876611325e-01
-2.2850975763798527e+00
9.1926264374827560e-01
-1.9565229784495311e-01
-1.4574813605851635e+00
4.2721693641472491e+00
-2.5723963021784018e+00
7.0668024241876690e+00
-2.8335769619952571e+00
2.1526416703298697e+01
-6.1489389625455564e+00
4.3856997964299236e+00
-7.5687049404330986e-01
-2.1050502440872130e+00
-1.3115073335332261e+00
3.0836951693647807e-01
-1.3115073335332272e+00
5.2760097038350540e-01
-1.1229254544692185e-01
-8.3650585106466369e-01
2.4519659506407590e+00
-1.4763993668950985e+00
4.0559157297061930e+00
-1.6263012154058833e+00
1.2354856817884714e+01
-3.5291178049397010e+00
-1.2769779320088253e+00
2.2037689836151064e-01
6.1292446638900211e-01
3.8186971300520045e-01
-8.9787510844371532e-02
3.8186971300520428e-01
-1.5362081933529129e-01
3.2696059721539127e-02
2.4356421127487698e-01
-7.1393541608891609e-01
4.2988109033170463e-01
-1.1809551773558191e+00
4.7352779699216274e-01
-3.5973459748454113e+00
1.0275681796633522e+00
7.6096769871646830e-01
-1.3132544971440457e-01
-3.6524963273353939e-01
-2.2756111083138145e-01
5.3505541316001305e-02
-2.2756111083138006e-01
9.1544637095346201e-02
-1.9484005713596014e-02
-1.4514306997613344e-01
4.2544336671404354e-01
-2.5617171278507678e-01
7.0374649480907725e-01
-2.8218135092479885e-01
2.1437050863194980e+00
-6.1234119506090623e-01
7.6413998757847876e+00
7.6413998757847788e+00
7.6413998757847814e+00
7.6413998757847796e+00
7.6413998757847779e+00
5.3728592876612036e-01
5.3728592876611658e-01
5.3728592876611669e-01
5.3728592876611680e-01
9.5517498447309712e-01
9.5517498447309579e-01
9.5517498447309468e-01
-6.1489389625455608e+00
-6.1489389625455502e+00
1.1462099813677160e+02
4.3856997964299334e+00
4.3856997964299271e+00
4.3856997964299289e+00
4.3856997964299289e+00
4.3856997964299298e+00
3.0836951693648096e-01
3.0836951693647968e-01
3.0836951693647896e-01
3.0836951693647768e-01
5.4821247455374067e-01
5.4821247455374067e-01
5.4821247455373945e-01
-3.5291178049397081e+00
-3.5291178049397005e+00
6.5785496946448902e+01
-1.2769779320088201e+00
-1.2769779320088221e+00
-1.2769779320088237e+00
-1.2769779320088248e+00
-1.2769779320088261e+00
-8.9787510844371463e-02
-8.9787510844369964e-02
-8.9787510844369894e-02
-8.9787510844372490e-02
-1.5962224150110113e-01
-1.5962224150110269e-01
-1.5962224150110210e-01
1.0275681796633467e+00
1.0275681796633527e+00
-1.9154668980132328e+01
7.6096769871647152e-01
7.6096769871647085e-01
7.6096769871646874e-01
7.6096769871646719e-01
7.6096769871646885e-01
5.3505541316001236e-02
5.3505541316001715e-02
5.3505541316001930e-02
5.3505541316000785e-02
9.5120962339559537e-02
9.5120962339558413e-02
9.5120962339558274e-02
-6.1234119506090845e-01
-6.1234119506090645e-01
1.1414515480747037e+01
1.1520118200297277e+02
-6.1800634095344700e+00
9.6000985002479211e-01
5.4000554063894901e-01
7.6800788001982081e+00
-6.1800634095344673e+00
9.6000985002477035e-01
5.4000554063893169e-01
7.6800788001981966e+00
9.6000985002476991e-01
5.4000554063893624e-01
7.6800788001981903e+00
5.4000554063892581e-01
7.6800788001981806e+00
7.6800788001982019e+00
1.1258367508723455e+02
-6.0396450697839317e+00
9.3819729239363991e-01
5.2773597697142571e-01
7.5055783391489905e+00
-6.0396450697839228e+00
9.3819729239361827e-01
5.2773597697140873e-01
7.5055783391489799e+00
9.3819729239361815e-01
5.2773597697141295e-01
7.5055783391489719e+00
5.2773597697140284e-01
7.5055783391489648e+00
7.5055783391489799e+00
6.5785496946448930e+01
-3.5291178049397036e+00
5.4821247455375421e-01
3.0836951693648779e-01
4.3856997964299440e+00
-3.5291178049397005e+00
5.4821247455373867e-01
3.0836951693647680e-01
4.3856997964299369e+00
5.4821247455373889e-01
3.0836951693648096e-01
4.3856997964299298e+00
3.0836951693647385e-01
4.3856997964299218e+00
4.3856997964299387e+00
-1.6236695620491407e+01
8.7103106714094758e-01
-1.3530579683742752e-01
-7.6109510721055346e-02
-1.0824463746994304e+00
8.7103106714094736e-01
-1.3530579683742941e-01
-7.6109510721053514e-02
-1.0824463746994286e+00
-1.3530579683742738e-01
-7.6109510721052570e-02
-1.0824463746994324e+00
-7.6109510721053902e-02
-1.0824463746994315e+00
-1.0824463746994257e+00
-6.1800634095344789e+00
2.1635378236276054e+01
7.1025728747926546e+00
-1.4648587799450159e+00
5.4000554063895301e-01
-2.8479198456179220e+00
-2.5854171522517713e+00
-1.9664264261982148e-01
-2.2966641895490159e+00
4.2937940557748631e+00
9.2391572968692737e-01
-3.6862878225560594e+00
-2.2966641895490043e+00
-1.3254042240942612e+00
7.6800788001981886e+00
-6.0396450697839432e+00
2.1143796889857196e+01
6.9411940304434214e+00
-1.4315754583642786e+00
5.2773597697142915e-01
-2.7832117431335179e+00
-2.5266734209946318e+00
-1.9217468953082265e-01
-2.2444812666418748e+00
4.1962339835574047e+00
9.0292327309952436e-01
-3.6025310094645651e+00
-2.2444812666418601e+00
-1.2952894747280088e+00
7.5055783391489674e+00
-3.5291178049397089e+00
1.2354856817884716e+01
4.0559157297061894e+00
-8.3650585106465947e-01
3.0836951693648917e-01
-1.6263012154058900e+00
-1.4763993668950939e+00
-1.1229254544692137e-01
-1.3115073335332343e+00
2.4519659506407541e+00
5.2760097038350784e-01
-2.1050502440872143e+00
-1.3115073335332244e+00
-7.5687049404331097e-01
4.3856997964299307e+00
8.7103106714094813e-01
-3.0493354751130437e+00
-1.0010514812894156e+00
2.0646026128757788e-01
-7.6109510721055193e-02
4.0139178158485844e-01
3.6439410276212802e-01
2.7715225475245346e-02
3.2369665605711945e-01
-6.0517631788615500e-01
-1.3021861599930251e-01
5.1955311832497009e-01
3.2369665605712084e-01
1.8680524441300314e-01
-1.0824463746994288e+00
9.6000985002478734e-01
7.1025728747926618e+00
1.8600190844229989e+01
7.1025728747926609e+00
9.6000985002478789e-01
4.2937940557748719e+00
-2.0062705850127101e+00
-2.0062705850127132e+00
4.2937940557748755e+00
5.4000554063893580e-01
1.6425168527767613e+00
5.4000554063893824e-01
-3.6862878225560665e+00
-3.6862878225560589e+00
7.6800788001981930e+00
9.3819729239363370e-01
6.9411940304434339e+00
1.8177572540126409e+01
6.9411940304434339e+00
9.3819729239362970e-01
4.1962339835574056e+00
-1.9606857477757307e+00
-1.9606857477757342e+00
4.1962339835574136e+00
5.2773597697141050e-01
1.6051969299547122e+00
5.2773597697141394e-01
-3.6025310094645726e+00
-3.6025310094645642e+00
7.5055783391489719e+00
5.4821247455374889e-01
4.0559157297061983e+00
1.0621616694478732e+01
4.0559157297061912e+00
5.4821247455374822e-01
2.4519659506407554e+00
-1.1456784136181692e+00
-1.1456784136181712e+00
2.4519659506407598e+00
3.0836951693647918e-01
9.3795728068179285e-01
3.0836951693648018e-01
-2.1050502440872192e+00
-2.1050502440872134e+00
4.3856997964299289e+00
-1.3530579683742933e-01
-1.0010514812894111e+00
-2.6215498137251769e+00
-1.0010514812894133e+00
-1.3530579683743041e-01
-6.0517631788615778e-01
2.8276797385947033e-01
2.8276797385946950e-01
-6.0517631788615456e-01
-7.6109510721054915e-02
-2.3149976177653672e-01
-7.6109510721053555e-02
5.1955311832496753e-01
5.1955311832497009e-01
-1.0824463746994288e+00
5.4000554063895490e-01
-1.4648587799450181e+00
7.1025728747926751e+00
2.1635378236276082e+01
-6.1800634095344904e+00
-2.2966641895490132e+00
-1.9664264261982095e-01
-2.5854171522517793e+00
-2.8479198456179118e+00
-3.6862878225560665e+00
9.2391572968692892e-01
4.2937940557748693e+00
-1.3254042240942692e+00
-2.2966641895490119e+00
7.6800788001982019e+00
5.2773597697143049e-01
-1.4315754583642826e+00
6.9411940304434481e+00
2.1143796889857231e+01
-6.0396450697839521e+00
-2.2444812666418725e+00
-1.9217468953082240e-01
-2.5266734209946420e+00
-2.7832117431335082e+00
-3.6025310094645762e+00
9.0292327309952680e-01
4.1962339835574136e+00
-1.2952894747280195e+00
-2.2444812666418676e+00
7.5055783391489825e+00
3.0836951693649067e-01
-8.3650585106466346e-01
4.0559157297062010e+00
1.2354856817884729e+01
-3.5291178049397165e+00
-1.3115073335332337e+00
-1.1229254544692104e-01
-1.4763993668950997e+00
-1.6263012154058798e+00
-2.1050502440872219e+00
5.2760097038350873e-01
2.4519659506407598e+00
-7.5687049404331785e-01
-1.3115073335332283e+00
4.3856997964299360e+00
-7.6109510721056789e-02
2.0646026128757822e-01
-1.0010514812894120e+00
-3.0493354751130362e+00
8.7103106714094425e-01
3.2369665605711873e-01
2.7715225475244777e-02
3.6439410276212619e-01
4.0139178158485933e-01
5.1955311832496731e-01
-1.3021861599930187e-01
-6.0517631788615445e-01
1.8680524441300100e-01
3.2369665605711873e-01
-1.0824463746994268e+00
7.6800788001982143e+00
5.4000554063894923e-01
9.6000985002478390e-01
-6.1800634095344851e+00
1.1520118200297286e+02
7.6800788001981992e+00
5.4000554063892869e-01
9.6000985002477535e-01
-6.1800634095344700e+00
7.6800788001981948e+00
5.4000554063893536e-01
9.6000985002476658e-01
7.6800788001981894e+00
5.4000554063892403e-01
7.6800788001982037e+00
7.5055783391489967e+00
5.2773597697142527e-01
9.3819729239362570e-01
-6.0396450697839468e+00
1.1258367508723460e+02
7.5055783391489825e+00
5.2773597697140595e-01
9.3819729239362437e-01
-6.0396450697839335e+00
7.5055783391489852e+00
5.2773597697140961e-01
9.3819729239361715e-01
7.5055783391489834e+00
5.2773597697140640e-01
7.5055783391489745e+00
4.3856997964299493e+00
3.0836951693648584e-01
5.4821247455374567e-01
-3.5291178049397147e+00
6.5785496946449001e+01
4.3856997964299387e+00
3.0836951693647624e-01
5.4821247455374267e-01
-3.5291178049397045e+00
4.3856997964299369e+00
3.0836951693647913e-01
5.4821247455373812e-01
4.3856997964299351e+00
3.0836951693647396e-01
4.3856997964299342e+00
-1.0824463746994306e+00
-7.6109510721055637e-02
-1.3530579683743130e-01
8.7103106714094491e-01
-1.6236695620491407e+01
-1.0824463746994324e+00
-7.6109510721051613e-02
-1.3530579683742858e-01
8.7103106714094491e-01
-1.0824463746994315e+00
-7.6109510721053139e-02
-1.3530579683742802e-01
-1.0824463746994262e+00
-7.6109510721054638e-02
-1.0824463746994308e+00
-6.1800634095344629e+00
-2.8479198456179242e+00
4.2937940557748648e+00
-2.2966641895490194e+00
7.6800788001982054e+00
2.1635378236276086e+01
-2.5854171522517793e+00
9.2391572968693059e-01
-1.3254042240942663e+00
7.1025728747926715e+00
-1.9664264261982034e-01
-3.6862878225560682e+00
-1.4648587799450208e+00
-2.2966641895490145e+00
5.4000554063893558e-01
-6.0396450697839201e+00
-2.7832117431335139e+00
4.1962339835574030e+00
-2.2444812666418779e+00
7.5055783391489861e+00
2.1143796889857221e+01
-2.5266734209946415e+00
9.0292327309952813e-01
-1.2952894747280170e+00
6.9411940304434498e+00
-1.9217468953082334e-01
-3.6025310094645726e+00
-1.4315754583642804e+00
-2.2444812666418685e+00
5.2773597697141106e-01
-3.5291178049397027e+00
-1.6263012154058858e+00
2.4519659506407527e+00
-1.3115073335332375e+00
4.3856997964299422e+00
1.2354856817884736e+01
-1.4763993668950999e+00
5.2760097038351039e-01
-7.5687049404331619e-01
4.0559157297062089e+00
-1.1229254544692185e-01
-2.1050502440872201e+00
-8.3650585106466269e-01
-1.3115073335332310e+00
3.0836951693647863e-01
8.7103106714094503e-01
4.0139178158486066e-01
-6.0517631788615545e-01
3.2369665605711961e-01
-1.0824463746994273e+00
-3.0493354751130450e+00
3.6439410276212786e-01
-1.3021861599930282e-01
1.8680524441300433e-01
-1.0010514812894140e+00
2.7715225475245037e-02
5.1955311832497086e-01
2.0646026128757958e-01
3.2369665605711839e-01
-7.6109510721053222e-02
9.6000985002477124e-01
-2.5854171522517735e+00
-2.0062705850127092e+00
-1.9664264261981979e-01
5.4000554063892636e-01
-2.5854171522517784e+00
3.7326945487047198e+00
3.5461301344909124e-01
9.2391572968693025e-01
-2.0062705850127118e+00
3.5461301344909169e-01
1.6425168527767620e+00
-1.9664264261982259e-01
9.2391572968692759e-01
5.4000554063893613e-01
9.3819729239361960e-01
-2.5266734209946353e+00
-1.9606857477757293e+00
-1.9217468953082156e-01
5.2773597697140284e-01
-2.5266734209946384e+00
3.6478833199855472e+00
3.4655578696082640e-01
9.0292327309952802e-01
-1.9606857477757345e+00
3.4655578696082723e-01
1.6051969299547115e+00
-1.9217468953082573e-01
9.0292327309952380e-01
5.2773597697141328e-01
5.4821247455374011e-01
-1.4763993668950972e+00
-1.1456784136181692e+00
-1.1229254544692061e-01
3.0836951693647385e-01
-1.4763993668950985e+00
2.1315507494489454e+00
2.0250133642573423e-01
5.2760097038350973e-01
-1.1456784136181724e+00
2.0250133642573503e-01
9.3795728068179141e-01
-1.1229254544692342e-01
5.2760097038350673e-01
3.0836951693647996e-01
-1.3530579683742877e-01
3.6439410276212741e-01
2.8276797385947067e-01
2.7715225475245072e-02
-7.6109510721053097e-02
3.6439410276212852e-01
-5.2609377940255997e-01
-4.9979900052497424e-02
-1.3021861599930293e-01
2.8276797385946995e-01
-4.9979900052497160e-02
-2.3149976177653880e-01
2.7715225475244066e-02
-1.3021861599930273e-01
-7.6109510721053666e-02
5.4000554063893369e-01
-1.9664264261982178e-01
-2.0062705850127132e+00
-2.5854171522517775e+00
9.6000985002477812e-01
9.2391572968692981e-01
3.5461301344909180e-01
3.7326945487047234e+00
-2.5854171522517837e+00
1.6425168527767635e+00
3.5461301344909202e-01
-2.0062705850127123e+00
9.2391572968693048e-01
-1.9664264261982153e-01
5.4000554063893647e-01
5.2773597697141017e-01
-1.9217468953082348e-01
-1.9606857477757340e+00
-2.5266734209946384e+00
9.3819729239362615e-01
9.0292327309952713e-01
3.4655578696082673e-01
3.6478833199855494e+00
-2.5266734209946438e+00
1.6051969299547142e+00
3.4655578696082662e-01
-1.9606857477757320e+00
9.0292327309952891e-01
-1.9217468953082290e-01
5.2773597697141195e-01
3.0836951693647829e-01
-1.1229254544692231e-01
-1.1456784136181706e+00
-1.4763993668950965e+00
5.4821247455374367e-01
5.2760097038350917e-01
2.0250133642573459e-01
2.1315507494489458e+00
-1.4763993668951012e+00
9.3795728068179307e-01
2.0250133642573470e-01
-1.1456784136181701e+00
5.2760097038350950e-01
-1.1229254544692173e-01
3.0836951693648046e-01
-7.6109510721052903e-02
2.7715225475244298e-02
2.8276797385946961e-01
3.6439410276212747e-01
-1.3530579683742838e-01
-1.3021861599930304e-01
-4.9979900052497035e-02
-5.2609377940255930e-01
3.6439410276212780e-01
-2.3149976177653828e-01
-4.9979900052497264e-02
2.8276797385947050e-01
-1.3021861599930210e-01
2.7715225475244482e-02
-7.6109510721053500e-02
7.6800788001981894e+00
-2.2966641895490123e+00
4.2937940557748693e+00
-2.8479198456179167e+00
-6.1800634095344771e+00
-1.3254042240942654e+00
9.2391572968692881e-01
-2.5854171522517824e+00
2.1635378236276082e+01
-3.6862878225560682e+00
-1.9664264261982134e-01
7.1025728747926680e+00
-2.2966641895490221e+00
-1.4648587799450143e+00
5.4000554063893391e-01
7.5055783391489745e+00
-2.2444812666418699e+00
4.1962339835574110e+00
-2.7832117431335148e+00
-6.0396450697839397e+00
-1.2952894747280146e+00
9.0292327309952625e-01
-2.5266734209946429e+00
2.1143796889857228e+01
-3.6025310094645762e+00
-1.9217468953082203e-01
6.9411940304434339e+00
-2.2444812666418814e+00
-1.4315754583642806e+00
5.2773597697141095e-01
4.3856997964299316e+00
-1.3115073335332295e+00
2.4519659506407594e+00
-1.6263012154058825e+00
-3.5291178049397094e+00
-7.5687049404331452e-01
5.2760097038350817e-01
-1.4763993668951010e+00
1.2354856817884729e+01
-2.1050502440872210e+00
-1.1229254544692094e-01
4.0559157297061939e+00
-1.3115073335332363e+00
-8.3650585106466291e-01
3.0836951693647829e-01
-1.0824463746994286e+00
3.2369665605712156e-01
-6.0517631788615334e-01
4.0139178158486072e-01
8.7103106714094403e-01
1.8680524441300464e-01
-1.3021861599930346e-01
3.6439410276212758e-01
-3.0493354751130450e+00
5.1955311832497109e-01
2.7715225475244926e-02
-1.0010514812894160e+00
3.2369665605711834e-01
2.0646026128758072e-01
-7.6109510721053902e-02
9.6000985002476658e-01
4.2937940557748622e+00
5.4000554063893369e-01
-3.6862878225560638e+00
7.6800788001981966e+00
7.1025728747926671e+00
-2.0062705850127105e+00
1.6425168527767624e+00
-3.6862878225560647e+00
1.8600190844229985e+01
-2.0062705850127096e+00
5.4000554063892803e-01
7.1025728747926653e+00
4.2937940557748533e+00
9.6000985002477601e-01
9.3819729239361183e-01
4.1962339835574074e+00
5.2773597697140928e-01
-3.6025310094645726e+00
7.5055783391489861e+00
6.9411940304434445e+00
-1.9606857477757340e+00
1.6051969299547140e+00
-3.6025310094645731e+00
1.8177572540126427e+01
-1.9606857477757331e+00
5.2773597697140784e-01
6.9411940304434463e+00
4.1962339835574003e+00
9.3819729239361882e-01
5.4821247455373345e-01
2.4519659506407567e+00
3.0836951693647868e-01
-2.1050502440872183e+00
4.3856997964299369e+00
4.0559157297062036e+00
-1.1456784136181715e+00
9.3795728068179285e-01
-2.1050502440872183e+00
1.0621616694478742e+01
-1.1456784136181715e+00
3.0836951693647630e-01
4.0559157297062036e+00
2.4519659506407501e+00
5.4821247455374322e-01
-1.3530579683742786e-01
-6.0517631788615467e-01
-7.6109510721054957e-02
5.1955311832496909e-01
-1.0824463746994282e+00
-1.0010514812894162e+00
2.8276797385947056e-01
-2.3149976177653783e-01
5.1955311832497042e-01
-2.6215498137251787e+00
2.8276797385946950e-01
-7.6109510721051821e-02
-1.0010514812894089e+00
-6.0517631788615633e-01
-1.3530579683742830e-01
5.4000554063893780e-01
9.2391572968692737e-01
1.6425168527767604e+00
9.2391572968692826e-01
5.4000554063893669e-01
-1.9664264261982026e-01
3.5461301344909241e-01
3.5461301344909241e-01
-1.9664264261982189e-01
-2.0062705850127101e+00
3.7326945487047212e+00
-2.0062705850127092e+00
-2.5854171522517770e+00
-2.5854171522517722e+00
9.6000985002477190e-01
5.2773597697141361e-01
9.0292327309952514e-01
1.6051969299547106e+00
9.0292327309952602e-01
5.2773597697141206e-01
-1.9217468953082348e-01
3.4655578696082778e-01
3.4655578696082734e-01
-1.9217468953082378e-01
-1.9606857477757342e+00
3.6478833199855498e+00
-1.9606857477757322e+00
-2.5266734209946402e+00
-2.5266734209946353e+00
9.3819729239362015e-01
3.0836951693648185e-01
5.2760097038350728e-01
9.3795728068179085e-01
5.2760097038350873e-01
3.0836951693648040e-01
-1.1229254544692219e-01
2.0250133642573545e-01
2.0250133642573509e-01
-1.1229254544692191e-01
-1.1456784136181719e+00
2.1315507494489467e+00
-1.1456784136181699e+00
-1.4763993668950992e+00
-1.4763993668950959e+00
5.4821247455374034e-01
-7.6109510721053278e-02
-1.3021861599930248e-01
-2.3149976177653755e-01
-1.3021861599930229e-01
-7.6109510721052973e-02
2.7715225475245044e-02
-4.9979900052497188e-02
-4.9979900052497167e-02
2.7715225475244711e-02
2.8276797385946939e-01
-5.2609377940255875e-01
2.8276797385946945e-01
3.6439410276212647e-01
3.6439410276212664e-01
-1.3530579683742805e-01
7.6800788001981877e+00
-3.6862878225560580e+00
5.4000554063894202e-01
4.2937940557748657e+00
9.6000985002475692e-01
-3.6862878225560638e+00
1.6425168527767597e+00
-2.0062705850127127e+00
7.1025728747926742e+00
5.4000554063892747e-01
-2.0062705850127096e+00
1.8600190844229978e+01
4.2937940557748577e+00
7.1025728747926529e+00
9.6000985002477390e-01
7.5055783391489719e+00
-3.6025310094645651e+00
5.2773597697141872e-01
4.1962339835574101e+00
9.3819729239360439e-01
-3.6025310094645691e+00
1.6051969299547102e+00
-1.9606857477757333e+00
6.9411940304434427e+00
5.2773597697140706e-01
-1.9606857477757311e+00
1.8177572540126402e+01
4.1962339835574003e+00
6.9411940304434268e+00
9.3819729239362160e-01
4.3856997964299280e+00
-2.1050502440872148e+00
3.0836951693648279e-01
2.4519659506407558e+00
5.4821247455373123e-01
-2.1050502440872152e+00
9.3795728068179041e-01
-1.1456784136181701e+00
4.0559157297062001e+00
3.0836951693647624e-01
-1.1456784136181697e+00
1.0621616694478725e+01
2.4519659506407518e+00
4.0559157297061894e+00
5.4821247455374078e-01
-1.0824463746994295e+00
5.1955311832497031e-01
-7.6109510721052834e-02
-6.0517631788615411e-01
-1.3530579683742910e-01
5.1955311832497164e-01
-2.3149976177653903e-01
2.8276797385946995e-01
-1.0010514812894149e+00
-7.6109510721052945e-02
2.8276797385946983e-01
-2.6215498137251809e+00
-6.0517631788615567e-01
-1.0010514812894129e+00
-1.3530579683742858e-01
5.4000554063892459e-01
-2.2966641895490096e+00
-3.6862878225560585e+00
-1.3254042240942590e+00
7.6800788001981779e+00
-1.4648587799450221e+00
-1.9664264261982128e-01
9.2391572968692703e-01
-2.2966641895490083e+00
7.1025728747926502e+00
-2.5854171522517726e+00
4.2937940557748595e+00
2.1635378236276065e+01
-2.8479198456179411e+00
-6.1800634095344682e+00
5.2773597697140562e-01
-2.2444812666418708e+00
-3.6025310094645651e+00
-1.2952894747280095e+00
7.5055783391489692e+00
-1.4315754583642792e+00
-1.9217468953082389e-01
9.0292327309952403e-01
-2.2444812666418672e+00
6.9411940304434374e+00
-2.5266734209946380e+00
4.1962339835574101e+00
2.1143796889857224e+01
-2.7832117431335281e+00
-6.0396450697839326e+00
3.0836951693647380e-01
-1.3115073335332306e+00
-2.1050502440872143e+00
-7.5687049404331164e-01
4.3856997964299271e+00
-8.3650585106466424e-01
-1.1229254544692137e-01
5.2760097038350762e-01
-1.3115073335332266e+00
4.0559157297061921e+00
-1.4763993668950970e+00
2.4519659506407563e+00
1.2354856817884725e+01
-1.6263012154058947e+00
-3.5291178049397045e+00
-7.6109510721053722e-02
3.2369665605711828e-01
5.1955311832496953e-01
1.8680524441300358e-01
-1.0824463746994257e+00
2.0646026128757811e-01
2.7715225475245239e-02
-1.3021861599930279e-01
3.2369665605712095e-01
-1.0010514812894147e+00
3.6439410276212719e-01
-6.0517631788615323e-01
-3.0493354751130397e+00
4.0139178158485855e-01
8.7103106714094591e-01
7.6800788001981788e+00
-1.3254042240942605e+00
-3.6862878225560634e+00
-2.2966641895490145e+00
5.4000554063893058e-01
-2.2966641895490159e+00
9.2391572968692726e-01
-1.9664264261982034e-01
-1.4648587799450201e+00
4.2937940557748657e+00
-2.5854171522517770e+00
7.1025728747926573e+00
-2.8479198456179171e+00
2.1635378236276061e+01
-6.1800634095344780e+00
7.5055783391489612e+00
-1.2952894747280088e+00
-3.6025310094645673e+00
-2.2444812666418712e+00
5.2773597697140762e-01
-2.2444812666418672e+00
9.0292327309952314e-01
-1.9217468953082290e-01
-1.4315754583642806e+00
4.1962339835574118e+00
-2.5266734209946407e+00
6.9411940304434330e+00
-2.7832117431335148e+00
2.1143796889857207e+01
-6.0396450697839281e+00
4.3856997964299254e+00
-7.5687049404330997e-01
-2.1050502440872156e+00
-1.3115073335332292e+00
3.0836951693647729e-01
-1.3115073335332303e+00
5.2760097038350617e-01
-1.1229254544692079e-01
-8.3650585106466713e-01
2.4519659506407581e+00
-1.4763993668950981e+00
4.0559157297061903e+00
-1.6263012154058838e+00
1.2354856817884718e+01
-3.5291178049397023e+00
-1.0824463746994273e+00
1.8680524441300358e-01
5.1955311832496998e-01
3.2369665605711972e-01
-7.6109510721053847e-02
3.2369665605711989e-01
-1.3021861599930276e-01
2.7715225475245055e-02
2.0646026128757830e-01
-6.0517631788615345e-01
3.6439410276212703e-01
-1.0010514812894142e+00
4.0139178158486094e-01
-3.0493354751130388e+00
8.7103106714094747e-01
7.6800788001982099e+00
7.6800788001981948e+00
7.6800788001981992e+00
7.6800788001981974e+00
7.6800788001982028e+00
5.4000554063894124e-01
5.4000554063893502e-01
5.4000554063893580e-01
5.4000554063893691e-01
9.6000985002477746e-01
9.6000985002477179e-01
9.6000985002477435e-01
-6.1800634095344806e+00
-6.1800634095344691e+00
1.1520118200297289e+02
7.5055783391489808e+00
7.5055783391489701e+00
7.5055783391489737e+00
7.5055783391489754e+00
7.5055783391489799e+00
5.2773597697141561e-01
5.2773597697141217e-01
5.2773597697141217e-01
5.2773597697141250e-01
9.3819729239362226e-01
9.3819729239362026e-01
9.3819729239361904e-01
-6.0396450697839370e+00
-6.0396450697839263e+00
1.1258367508723455e+02
4.3856997964299387e+00
4.3856997964299342e+00
4.3856997964299325e+00
4.3856997964299316e+00
4.3856997964299396e+00
3.0836951693648074e-01
3.0836951693647929e-01
3.0836951693648051e-01
3.0836951693647818e-01
5.4821247455374544e-01
5.4821247455374023e-01
5.4821247455374011e-01
-3.5291178049397094e+00
-3.5291178049397010e+00
6.5785496946448973e+01
-1.0824463746994284e+00
-1.0824463746994277e+00
-1.0824463746994304e+00
-1.0824463746994297e+00
-1.0824463746994286e+00
-7.6109510721054721e-02
-7.6109510721053361e-02
-7.6109510721053056e-02
-7.6109510721054818e-02
-1.3530579683742708e-01
-1.3530579683742830e-01
-1.3530579683742877e-01
8.7103106714094602e-01
8.7103106714094636e-01
-1.6236695620491417e+01
1.0957556905474463e+02
-5.8782727149159806e+00
9.1312974212288744e-01
5.1363547994412684e-01
7.3050379369829983e+00
-5.8782727149159806e+00
9.1312974212287024e-01
5.1363547994411429e-01
7.3050379369829805e+00
9.1312974212287035e-01
5.1363547994411685e-01
7.3050379369829770e+00
5.1363547994410397e-01
7.3050379369829805e+00
7.3050379369829930e+00
1.1520118200297286e+02
-6.1800634095344762e+00
9.6000985002479022e-01
5.4000554063894757e-01
7.6800788001982179e+00
-6.1800634095344691e+00
9.6000985002477168e-01
5.4000554063893391e-01
7.6800788001981957e+00
9.6000985002477057e-01
5.4000554063893624e-01
7.6800788001981903e+00
5.4000554063892447e-01
7.6800788001981921e+00
7.6800788001982019e+00
1.1462099813677165e+02
-6.1489389625455626e+00
9.5517498447311289e-01
5.3728592876612902e-01
7.6413998757848018e+00
-6.1489389625455528e+00
9.5517498447309512e-01
5.3728592876611536e-01
7.6413998757847850e+00
9.5517498447309301e-01
5.3728592876611869e-01
7.6413998757847779e+00
5.3728592876610981e-01
7.6413998757847743e+00
7.6413998757847894e+00
6.1473978272210033e+01
-3.2978227927279358e+00
5.1228315226842502e-01
2.8815927315099005e-01
4.0982652181473505e+00
-3.2978227927279260e+00
5.1228315226841614e-01
2.8815927315098383e-01
4.0982652181473407e+00
5.1228315226841470e-01
2.8815927315098494e-01
4.0982652181473371e+00
2.8815927315098261e-01
4.0982652181473336e+00
4.0982652181473389e+00
-5.8782727149159903e+00
2.0578859007656789e+01
6.7557333264871806e+00
-1.3933254121747822e+00
5.1363547994413317e-01
-2.7088475333337372e+00
-2.4591636194720179e+00
-1.8704000333034498e-01
-2.1845113142241268e+00
4.0841154481667497e+00
8.7879820396688435e-01
-3.5062755332296156e+00
-2.1845113142241184e+00
-1.2606808329357539e+00
7.3050379369829734e+00
-6.1800634095344940e+00
2.1635378236276075e+01
7.1025728747926511e+00
-1.4648587799450177e+00
5.4000554063895256e-01
-2.8479198456179216e+00
-2.5854171522517726e+00
-1.9664264261982081e-01
-2.2966641895490167e+00
4.2937940557748639e+00
9.2391572968692726e-01
-3.6862878225560585e+00
-2.2966641895490048e+00
-1.3254042240942612e+00
7.6800788001981815e+00
-6.1489389625455733e+00
2.1526416703298725e+01
7.0668024241876779e+00
-1.4574813605851573e+00
5.3728592876613468e-01
-2.8335769619952624e+00
-2.5723963021783982e+00
-1.9565229784495428e-01
-2.2850975763798580e+00
4.2721693641472509e+00
9.1926264374827837e-01
-3.6677226942853642e+00
-2.2850975763798478e+00
-1.3187291350574604e+00
7.6413998757847761e+00
-3.2978227927279402e+00
1.1545131295385145e+01
3.7900948843608639e+00
-7.8168205607362828e-01
2.8815927315099282e-01
-1.5197149861361170e+00
-1.3796375616877197e+00
-1.0493299920732524e-01
-1.2255523947944897e+00
2.2912664427630380e+00
4.9302250640676248e-01
-1.9670872604681773e+00
-1.2255523947944842e+00
-7.0726592433542279e-01
4.0982652181473345e+00
9.1312974212288434e-01
6.7557333264871868e+00
1.7691888753630650e+01
6.7557333264871904e+00
9.1312974212288445e-01
4.0841154481667603e+00
-1.9082984845145967e+00
-1.9082984845145983e+00
4.0841154481667612e+00
5.1363547994411285e-01
1.5623079181633532e+00
5.1363547994411407e-01
-3.5062755332296272e+00
-3.5062755332296232e+00
7.3050379369829797e+00
9.6000985002478501e-01
7.1025728747926564e+00
1.8600190844229978e+01
7.1025728747926671e+00
9.6000985002478312e-01
4.2937940557748684e+00
-2.0062705850127105e+00
-2.0062705850127123e+00
4.2937940557748684e+00
5.4000554063892992e-01
1.6425168527767631e+00
5.4000554063893158e-01
-3.6862878225560691e+00
-3.6862878225560642e+00
7.6800788001981868e+00
9.5517498447311000e-01
7.0668024241876770e+00
1.8506515324166244e+01
7.0668024241876806e+00
9.5517498447310878e-01
4.2721693641472536e+00
-1.9961664714574483e+00
-1.9961664714574496e+00
4.2721693641472527e+00
5.3728592876611525e-01
1.6342446999969409e+00
5.3728592876611436e-01
-3.6677226942853709e+00
-3.6677226942853673e+00
7.6413998757847743e+00
5.1228315226842136e-01
3.7900948843608675e+00
9.9254860752005758e+00
3.7900948843608666e+00
5.1228315226842247e-01
2.2912664427630389e+00
-1.0705917439984494e+00
-1.0705917439984498e+00
2.2912664427630376e+00
2.8815927315098416e-01
8.7648445583424528e-01
2.8815927315098327e-01
-1.9670872604681811e+00
-1.9670872604681784e+00
4.0982652181473362e+00
5.1363547994413006e-01
-1.3933254121747809e+00
6.7557333264872028e+00
2.0578859007656817e+01
-5.8782727149159983e+00
-2.1845113142241224e+00
-1.8704000333034604e-01
-2.4591636194720232e+00
-2.7088475333337381e+00
-3.5062755332296205e+00
8.7879820396688746e-01
4.0841154481667461e+00
-1.2606808329357591e+00
-2.1845113142241308e+00
7.3050379369829841e+00
5.4000554063894990e-01
-1.4648587799450161e+00
7.1025728747926777e+00
2.1635378236276093e+01
-6.1800634095344895e+00
-2.2966641895490114e+00
-1.9664264261982198e-01
-2.5854171522517793e+00
-2.8479198456179216e+00
-3.6862878225560660e+00
9.2391572968693103e-01
4.2937940557748622e+00
-1.3254042240942696e+00
-2.2966641895490163e+00
7.6800788001981930e+00
5.3728592876613190e-01
-1.4574813605851569e+00
7.0668024241876894e+00
2.1526416703298722e+01
-6.1489389625455679e+00
-2.2850975763798540e+00
-1.9565229784495419e-01
-2.5723963021784031e+00
-2.8335769619952589e+00
-3.6677226942853691e+00
9.1926264374827971e-01
4.2721693641472465e+00
-1.3187291350574659e+00
-2.2850975763798536e+00
7.6413998757847761e+00
2.8815927315098999e-01
-7.8168205607362584e-01
3.7900948843608706e+00
1.1545131295385143e+01
-3.2978227927279367e+00
-1.2255523947944857e+00
-1.0493299920732563e-01
-1.3796375616877214e+00
-1.5197149861361177e+00
-1.9670872604681779e+00
4.9302250640676332e-01
2.2912664427630340e+00
-7.0726592433542546e-01
-1.2255523947944871e+00
4.0982652181473371e+00
7.3050379369830036e+00
5.1363547994412806e-01
9.1312974212287812e-01
-5.8782727149159921e+00
1.0957556905474468e+02
7.3050379369829788e+00
5.1363547994411074e-01
9.1312974212287357e-01
-5.8782727149159806e+00
7.3050379369829725e+00
5.1363547994411773e-01
9.1312974212286524e-01
7.3050379369829752e+00
5.1363547994410441e-01
7.3050379369829912e+00
7.6800788001982205e+00
5.4000554063894779e-01
9.6000985002477413e-01
-6.1800634095344895e+00
1.1520118200297287e+02
7.6800788001981939e+00
5.4000554063892936e-01
9.6000985002477701e-01
-6.1800634095344753e+00
7.6800788001981974e+00
5.4000554063893480e-01
9.6000985002476924e-01
7.6800788001981992e+00
5.4000554063893025e-01
7.6800788001981912e+00
7.6413998757848116e+00
5.3728592876612624e-01
9.5517498447310079e-01
-6.1489389625455679e+00
1.1462099813677169e+02
7.6413998757847850e+00
5.3728592876611170e-01
9.5517498447309990e-01
-6.1489389625455528e+00
7.6413998757847859e+00
5.3728592876611725e-01
9.5517498447309424e-01
7.6413998757847814e+00
5.3728592876611347e-01
7.6413998757847814e+00
4.0982652181473522e+00
2.8815927315098944e-01
5.1228315226841770e-01
-3.2978227927279393e+00
6.1473978272210076e+01
4.0982652181473380e+00
2.8815927315098239e-01
5.1228315226841814e-01
-3.2978227927279304e+00
4.0982652181473389e+00
2.8815927315098444e-01
5.1228315226841548e-01
4.0982652181473371e+00
2.8815927315098439e-01
4.0982652181473362e+00
-5.8782727149159744e+00
-2.7088475333337421e+00
4.0841154481667532e+00
-2.1845113142241326e+00
7.3050379369829903e+00
2.0578859007656810e+01
-2.4591636194720223e+00
8.7879820396688624e-01
-1.2606808329357515e+00
6.7557333264871824e+00
-1.8704000333034301e-01
-3.5062755332296236e+00
-1.3933254121747907e+00
-2.1845113142241295e+00
5.1363547994411773e-01
-6.1800634095344664e+00
-2.8479198456179247e+00
4.2937940557748631e+00
-2.2966641895490212e+00
7.6800788001982037e+00
2.1635378236276086e+01
-2.5854171522517779e+00
9.2391572968693014e-01
-1.3254042240942636e+00
7.1025728747926644e+00
-1.9664264261982084e-01
-3.6862878225560651e+00
-1.4648587799450221e+00
-2.2966641895490127e+00
5.4000554063893480e-01
-6.1489389625455511e+00
-2.8335769619952682e+00
4.2721693641472456e+00
-2.2850975763798620e+00
7.6413998757847903e+00
2.1526416703298736e+01
-2.5723963021784035e+00
9.1926264374828159e-01
-1.3187291350574655e+00
7.0668024241876886e+00
-1.9565229784495386e-01
-3.6677226942853713e+00
-1.4574813605851655e+00
-2.2850975763798522e+00
5.3728592876611581e-01
-3.2978227927279278e+00
-1.5197149861361186e+00
2.2912664427630349e+00
-1.2255523947944895e+00
4.0982652181473416e+00
1.1545131295385151e+01
-1.3796375616877214e+00
4.9302250640676348e-01
-7.0726592433542523e-01
3.7900948843608679e+00
-1.0493299920732443e-01
-1.9670872604681799e+00
-7.8168205607363461e-01
-1.2255523947944860e+00
2.8815927315098494e-01
9.1312974212286946e-01
-2.4591636194720179e+00
-1.9082984845145952e+00
-1.8704000333034423e-01
5.1363547994410852e-01
-2.4591636194720228e+00
3.5504160822873168e+00
3.3729621577927321e-01
8.7879820396688557e-01
-1.9082984845145943e+00
3.3729621577927305e-01
1.5623079181633519e+00
-1.8704000333034485e-01
8.7879820396688635e-01
5.1363547994411662e-01
9.6000985002477113e-01
-2.5854171522517735e+00
-2.0062705850127087e+00
-1.9664264261982028e-01
5.4000554063892769e-01
-2.5854171522517770e+00
3.7326945487047203e+00
3.5461301344909174e-01
9.2391572968692925e-01
-2.0062705850127105e+00
3.5461301344909218e-01
1.6425168527767604e+00
-1.9664264261982245e-01
9.2391572968692770e-01
5.4000554063893669e-01
9.5517498447309457e-01
-2.5723963021783991e+00
-1.9961664714574472e+00
-1.9565229784495264e-01
5.3728592876610948e-01
-2.5723963021784026e+00
3.7138957037887037e+00
3.5282708777045724e-01
9.1926264374827971e-01
-1.9961664714574501e+00
3.5282708777045774e-01
1.6342446999969387e+00
-1.9565229784495425e-01
9.1926264374827715e-01
5.3728592876611747e-01
5.1228315226841625e-01
-1.3796375616877199e+00
-1.0705917439984485e+00
-1.0493299920732485e-01
2.8815927315098083e-01
-1.3796375616877219e+00
1.9918509480045901e+00
1.8922959213430499e-01
4.9302250640676354e-01
-1.0705917439984494e+00
1.8922959213430510e-01
8.7648445583424406e-01
-1.0493299920732480e-01
4.9302250640676154e-01
2.8815927315098455e-01
5.1363547994411562e-01
-1.8704000333034540e-01
-1.9082984845145989e+00
-2.4591636194720237e+00
9.1312974212287690e-01
8.7879820396688479e-01
3.3729621577927382e-01
3.5504160822873190e+00
-2.4591636194720254e+00
1.5623079181633521e+00
3.3729621577927321e-01
-1.9082984845145949e+00
8.7879820396688768e-01
-1.8704000333034412e-01
5.1363547994411685e-01
5.4000554063893580e-01
-1.9664264261982189e-01
-2.0062705850127123e+00
-2.5854171522517779e+00
9.6000985002477923e-01
9.2391572968692870e-01
3.5461301344909218e-01
3.7326945487047216e+00
-2.5854171522517797e+00
1.6425168527767635e+00
3.5461301344909152e-01
-2.0062705850127083e+00
9.2391572968693203e-01
-1.9664264261982001e-01
5.4000554063893502e-01
5.3728592876611692e-01
-1.9565229784495508e-01
-1.9961664714574499e+00
-2.5723963021784013e+00
9.5517498447309979e-01
9.1926264374827971e-01
3.5282708777045763e-01
3.7138957037887055e+00
-2.5723963021784040e+00
1.6342446999969411e+00
3.5282708777045735e-01
-1.9961664714574470e+00
9.1926264374828026e-01
-1.9565229784495242e-01
5.3728592876611825e-01
2.8815927315098477e-01
-1.0493299920732593e-01
-1.0705917439984500e+00
-1.3796375616877212e+00
5.1228315226841792e-01
4.9302250640676304e-01
1.8922959213430535e-01
1.9918509480045907e+00
-1.3796375616877226e+00
8.7648445583424484e-01
1.8922959213430507e-01
-1.0705917439984483e+00
4.9302250640676309e-01
-1.0493299920732418e-01
2.8815927315098439e-01
7.3050379369829734e+00
-2.1845113142241237e+00
4.0841154481667532e+00
-2.7088475333337438e+00
-5.8782727149159841e+00
-1.2606808329357511e+00
8.7879820396688491e-01
-2.4591636194720250e+00
2.0578859007656810e+01
-3.5062755332296214e+00
-1.8704000333034443e-01
6.7557333264871824e+00
-2.1845113142241370e+00
-1.3933254121747831e+00
5.1363547994411385e-01
7.6800788001981877e+00
-2.2966641895490119e+00
4.2937940557748657e+00
-2.8479198456179229e+00
-6.1800634095344753e+00
-1.3254042240942623e+00
9.2391572968692881e-01
-2.5854171522517784e+00
2.1635378236276075e+01
-3.6862878225560678e+00
-1.9664264261981979e-01
7.1025728747926520e+00
-2.2966641895490256e+00
-1.4648587799450223e+00
5.4000554063893413e-01
7.6413998757847761e+00
-2.2850975763798527e+00
4.2721693641472509e+00
-2.8335769619952620e+00
-6.1489389625455582e+00
-1.3187291350574641e+00
9.1926264374827937e-01
-2.5723963021784053e+00
2.1526416703298725e+01
-3.6677226942853731e+00
-1.9565229784495269e-01
7.0668024241876743e+00
-2.2850975763798602e+00
-1.4574813605851686e+00
5.3728592876611636e-01
4.0982652181473354e+00
-1.2255523947944853e+00
2.2912664427630380e+00
-1.5197149861361192e+00
-3.2978227927279322e+00
-7.0726592433542512e-01
4.9302250640676293e-01
-1.3796375616877228e+00
1.1545131295385152e+01
-1.9670872604681811e+00
-1.0493299920732457e-01
3.7900948843608653e+00
-1.2255523947944900e+00
-7.8168205607363384e-01
2.8815927315098522e-01
9.1312974212287024e-01
4.0841154481667434e+00
5.1363547994410930e-01
-3.5062755332296218e+00
7.3050379369829779e+00
6.7557333264871824e+00
-1.9082984845145941e+00
1.5623079181633519e+00
-3.5062755332296196e+00
1.7691888753630629e+01
-1.9082984845145949e+00
5.1363547994411141e-01
6.7557333264871851e+00
4.0841154481667443e+00
9.1312974212286924e-01
9.6000985002477035e-01
4.2937940557748586e+00
5.4000554063892636e-01
-3.6862878225560665e+00
7.6800788001981957e+00
7.1025728747926609e+00
-2.0062705850127096e+00
1.6425168527767626e+00
-3.6862878225560669e+00
1.8600190844229985e+01
-2.0062705850127118e+00
5.4000554063893313e-01
7.1025728747926680e+00
4.2937940557748648e+00
9.6000985002476613e-01
9.5517498447309235e-01
4.2721693641472447e+00
5.3728592876611092e-01
-3.6677226942853678e+00
7.6413998757847850e+00
7.0668024241876823e+00
-1.9961664714574485e+00
1.6342446999969411e+00
-3.6677226942853722e+00
1.8506515324166255e+01
-1.9961664714574505e+00
5.3728592876611436e-01
7.0668024241876841e+00
4.2721693641472500e+00
9.5517498447309501e-01
5.1228315226841614e-01
2.2912664427630323e+00
2.8815927315097994e-01
-1.9670872604681782e+00
4.0982652181473398e+00
3.7900948843608666e+00
-1.0705917439984480e+00
8.7648445583424506e-01
-1.9670872604681808e+00
9.9254860752005776e+00
-1.0705917439984503e+00
2.8815927315098500e-01
3.7900948843608693e+00
2.2912664427630385e+00
5.1228315226841370e-01
5.1363547994411740e-01
8.7879820396688579e-01
1.5623079181633530e+00
8.7879820396688635e-01
5.1363547994411740e-01
-1.8704000333034326e-01
3.3729621577927366e-01
3.3729621577927349e-01
-1.8704000333034423e-01
-1.9082984845145949e+00
3.5504160822873185e+00
-1.9082984845145945e+00
-2.4591636194720232e+00
-2.4591636194720188e+00
9.1312974212287246e-01
5.4000554063893680e-01
9.2391572968692814e-01
1.6425168527767626e+00
9.2391572968693003e-01
5.4000554063893702e-01
-1.9664264261982045e-01
3.5461301344909252e-01
3.5461301344909191e-01
-1.9664264261982101e-01
-2.0062705850127123e+00
3.7326945487047225e+00
-2.0062705850127096e+00
-2.5854171522517797e+00
-2.5854171522517748e+00
9.6000985002477401e-01
5.3728592876611847e-01
9.1926264374827882e-01
1.6342446999969398e+00
9.1926264374827937e-01
5.3728592876611725e-01
-1.9565229784495392e-01
3.5282708777045790e-01
3.5282708777045740e-01
-1.9565229784495308e-01
-1.9961664714574505e+00
3.7138957037887059e+00
-1.9961664714574483e+00
-2.5723963021784040e+00
-2.5723963021784004e+00
9.5517498447309657e-01
2.8815927315098444e-01
4.9302250640676332e-01
8.7648445583424550e-01
4.9302250640676326e-01
2.8815927315098422e-01
-1.0493299920732441e-01
1.8922959213430512e-01
1.8922959213430510e-01
-1.0493299920732466e-01
-1.0705917439984503e+00
1.9918509480045912e+00
-1.0705917439984498e+00
-1.3796375616877228e+00
-1.3796375616877214e+00
5.1228315226841714e-01
7.3050379369829743e+00
-3.5062755332296160e+00
5.1363547994411807e-01
4.0841154481667505e+00
9.1312974212285458e-01
-3.5062755332296196e+00
1.5623079181633499e+00
-1.9082984845145960e+00
6.7557333264871877e+00
5.1363547994411130e-01
-1.9082984845145949e+00
1.7691888753630625e+01
4.0841154481667408e+00
6.7557333264871842e+00
9.1312974212286790e-01
7.6800788001981894e+00
-3.6862878225560571e+00
5.4000554063893813e-01
4.2937940557748657e+00
9.6000985002475847e-01
-3.6862878225560607e+00
1.6425168527767591e+00
-2.0062705850127101e+00
7.1025728747926591e+00
5.4000554063893336e-01
-2.0062705850127101e+00
1.8600190844229964e+01
4.2937940557748560e+00
7.1025728747926600e+00
9.6000985002477002e-01
7.6413998757847761e+00
-3.6677226942853633e+00
5.3728592876611914e-01
4.2721693641472474e+00
9.5517498447308580e-01
-3.6677226942853660e+00
1.6342446999969376e+00
-1.9961664714574479e+00
7.0668024241876797e+00
5.3728592876611581e-01
-1.9961664714574483e+00
1.8506515324166234e+01
4.2721693641472474e+00
7.0668024241876735e+00
9.5517498447309246e-01
4.0982652181473362e+00
-1.9670872604681768e+00
2.8815927315098483e-01
2.2912664427630340e+00
5.1228315226841326e-01
-1.9670872604681788e+00
8.7648445583424373e-01
-1.0705917439984489e+00
3.7900948843608675e+00
2.8815927315098483e-01
-1.0705917439984498e+00
9.9254860752005722e+00
2.2912664427630380e+00
3.7900948843608648e+00
5.1228315226841414e-01
5.1363547994410408e-01
-2.1845113142241290e+00
-3.5062755332296214e+00
-1.2606808329357488e+00
7.3050379369829619e+00
-1.3933254121747918e+00
-1.8704000333034421e-01
8.7879820396688424e-01
-2.1845113142241246e+00
6.7557333264871691e+00
-2.4591636194720183e+00
4.0841154481667443e+00
2.0578859007656806e+01
-2.7088475333337652e+00
-5.8782727149159806e+00
5.4000554063892769e-01
-2.2966641895490181e+00
-3.6862878225560651e+00
-1.3254042240942605e+00
7.6800788001981806e+00
-1.4648587799450252e+00
-1.9664264261982040e-01
9.2391572968692803e-01
-2.2966641895490132e+00
7.1025728747926538e+00
-2.5854171522517757e+00
4.2937940557748648e+00
2.1635378236276090e+01
-2.8479198456179375e+00
-6.1800634095344797e+00
5.3728592876611181e-01
-2.2850975763798567e+00
-3.6677226942853687e+00
-1.3187291350574617e+00
7.6413998757847672e+00
-1.4574813605851669e+00
-1.9565229784495305e-01
9.1926264374827826e-01
-2.2850975763798509e+00
7.0668024241876743e+00
-2.5723963021784013e+00
4.2721693641472518e+00
2.1526416703298725e+01
-2.8335769619952695e+00
-6.1489389625455617e+00
2.8815927315098416e-01
-1.2255523947944893e+00
-1.9670872604681804e+00
-7.0726592433542279e-01
4.0982652181473327e+00
-7.8168205607363450e-01
-1.0493299920732392e-01
4.9302250640676221e-01
-1.2255523947944869e+00
3.7900948843608639e+00
-1.3796375616877212e+00
2.2912664427630411e+00
1.1545131295385147e+01
-1.5197149861361152e+00
-3.2978227927279349e+00
7.3050379369829752e+00
-1.2606808329357515e+00
-3.5062755332296258e+00
-2.1845113142241326e+00
5.1363547994410952e-01
-2.1845113142241313e+00
8.7879820396688457e-01
-1.8704000333034337e-01
-1.3933254121747898e+00
4.0841154481667559e+00
-2.4591636194720241e+00
6.7557333264871859e+00
-2.7088475333337425e+00
2.0578859007656813e+01
-5.8782727149159921e+00
7.6800788001981894e+00
-1.3254042240942574e+00
-3.6862878225560629e+00
-2.2966641895490159e+00
5.4000554063893014e-01
-2.2966641895490114e+00
9.2391572968692537e-01
-1.9664264261982015e-01
-1.4648587799450250e+00
4.2937940557748728e+00
-2.5854171522517793e+00
7.1025728747926591e+00
-2.8479198456179273e+00
2.1635378236276082e+01
-6.1800634095344726e+00
7.6413998757847734e+00
-1.3187291350574593e+00
-3.6677226942853656e+00
-2.2850975763798518e+00
5.3728592876611503e-01
-2.2850975763798513e+00
9.1926264374827560e-01
-1.9565229784495236e-01
-1.4574813605851695e+00
4.2721693641472571e+00
-2.5723963021784026e+00
7.0668024241876726e+00
-2.8335769619952624e+00
2.1526416703298715e+01
-6.1489389625455528e+00
4.0982652181473309e+00
-7.0726592433542368e-01
-1.9670872604681799e+00
-1.2255523947944882e+00
2.8815927315098444e-01
-1.2255523947944869e+00
4.9302250640676143e-01
-1.0493299920732367e-01
-7.8168205607363495e-01
2.2912664427630403e+00
-1.3796375616877219e+00
3.7900948843608617e+00
-1.5197149861361130e+00
1.1545131295385140e+01
-3.2978227927279300e+00
7.3050379369829939e+00
7.3050379369829779e+00
7.3050379369829868e+00
7.3050379369829894e+00
7.3050379369829850e+00
5.1363547994412095e-01
5.1363547994411463e-01
5.1363547994411451e-01
5.1363547994411618e-01
9.1312974212287323e-01
9.1312974212287024e-01
9.1312974212287290e-01
-5.8782727149159859e+00
-5.8782727149159779e+00
1.0957556905474465e+02
7.6800788001982010e+00
7.6800788001981841e+00
7.6800788001981903e+00
7.6800788001981868e+00
7.6800788001981930e+00
5.4000554063893891e-01
5.4000554063893458e-01
5.4000554063893469e-01
5.4000554063893402e-01
9.6000985002477290e-01
9.6000985002477190e-01
9.6000985002477079e-01
-6.1800634095344762e+00
-6.1800634095344664e+00
1.1520118200297277e+02
7.6413998757847983e+00
7.6413998757847796e+00
7.6413998757847779e+00
7.6413998757847752e+00
7.6413998757847823e+00
5.3728592876611991e-01
5.3728592876611581e-01
5.3728592876611669e-01
5.3728592876611614e-01
9.5517498447309945e-01
9.5517498447309512e-01
9.5517498447309546e-01
-6.1489389625455599e+00
-6.1489389625455475e+00
1.1462099813677160e+02
4.0982652181473416e+00
4.0982652181473380e+00
4.0982652181473362e+00
4.0982652181473380e+00
4.0982652181473389e+00
2.8815927315098661e-01
2.8815927315098355e-01
2.8815927315098422e-01
2.8815927315098411e-01
5.1228315226841825e-01
5.1228315226841581e-01
5.1228315226841603e-01
-3.2978227927279318e+00
-3.2978227927279269e+00
6.1473978272209997e+01
