1.4699999999999994e+02
-9.2220799999999947e+00
2.4214399999999996e+00
4.9056000000000327e-01
-1.3059199999999751e+00
-6.9999999999999778e+00
-9.2220799999999912e+00
2.4214400000000036e+00
4.9056000000000000e-01
-1.3059199999999973e+00
-7.0000000000000062e+00
2.4214399999999934e+00
4.9055999999999883e-01
-1.3059199999999955e+00
-7.0000000000000346e+00
4.9056000000000244e-01
-1.3059199999999944e+00
-7.0000000000000266e+00
-1.3059199999999986e+00
-7.0000000000000080e+00
-7.0000000000000053e+00
-5.3805734356312541e+01
3.3755155557323993e+00
-8.8630855373979822e-01
-1.7955742208049780e-01
4.7799989531016723e-01
2.5621778264910642e+00
3.3755155557323966e+00
-8.8630855373979278e-01
-1.7955742208049463e-01
4.7799989531017401e-01
2.5621778264910775e+00
-8.8630855373978956e-01
-1.7955742208049474e-01
4.7799989531017456e-01
2.5621778264910864e+00
-1.7955742208049305e-01
4.7799989531017462e-01
2.5621778264910797e+00
4.7799989531017073e-01
2.5621778264910744e+00
2.5621778264910828e+00
-9.2220799999999947e+00
2.4789889331199980e+01
8.2436752383999892e+00
-1.5469712383999927e+00
2.9273466880001636e-01
-1.3059199999999827e+00
-4.6838077440000164e-01
-2.8731773951999964e+00
-2.9390591999999965e-01
6.8224235519999754e-01
7.0632253439999693e-01
3.9060718592000021e+00
1.1286539263999988e+00
1.9950479359999926e-01
2.5701444608000141e+00
-2.7047508991999973e+00
-3.3049856000000138e-01
3.1178785792000023e+00
7.0632253440000026e-01
6.7659970559999805e-01
-7.0000000000000000e+00
3.3755155557324046e+00
-9.0737292522240462e+00
-3.0173945578031462e+00
5.6623077217826667e-01
-1.0714832534923102e-01
4.7799989531016618e-01
1.7143926207463031e-01
1.0516559162224037e+00
1.0757703304263778e-01
-2.4971803354092584e-01
-2.5853199085580719e-01
-1.4297215294747128e+00
-4.1311600914345337e-01
-7.3023822634371405e-02
-9.4073816404866450e-01
9.9000754001600444e-01
1.2097086887417648e-01
-1.1412227659025345e+00
-2.5853199085581036e-01
-2.4765268044267394e-01
2.5621778264910793e+00
2.4214400000000080e+00
8.2436752383999856e+00
2.0208700108799974e+01
8.9596838911999903e+00
-1.5469712383999830e+00
4.9056000000000261e-01
3.9060718591999990e+00
-1.6336753663999974e+00
-2.0486323199999972e+00
-1.0997647359999897e-01
-2.7047508992000049e+00
-1.3548000255999963e+00
1.5189787647999984e+00
6.8224235519999965e-01
-2.7360492544000072e+00
-2.7360492543999944e+00
-9.4981376000000051e-01
7.0632253440000070e-01
2.5701444607999973e+00
3.1178785791999988e+00
-6.9999999999999929e+00
-8.8630855373979434e-01
-3.0173945578031458e+00
-7.3968976172821606e+00
-3.2794719140574142e+00
5.6623077217826689e-01
-1.7955742208049333e-01
-1.4297215294747179e+00
5.9796668563925248e-01
7.4985147213385350e-01
4.0254183156228293e-02
9.9000754001600788e-01
4.9589122641740735e-01
-5.5598481572590830e-01
-2.4971803354092709e-01
1.0014635331158801e+00
1.0014635331158714e+00
3.4765596502401752e-01
-2.5853199085580786e-01
-9.4073816404866095e-01
-1.1412227659025371e+00
2.5621778264910784e+00
4.9056000000000455e-01
-1.5469712383999905e+00
8.9596838911999939e+00
2.0208700108799988e+01
8.2436752384000052e+00
2.4214399999999996e+00
-2.7047508992000044e+00
-1.0997647359999946e-01
-2.0486323199999981e+00
-1.6336753663999997e+00
3.9060718591999999e+00
-2.7360492543999948e+00
6.8224235519999921e-01
1.5189787648000006e+00
-1.3548000256000021e+00
7.0632253440000514e-01
-9.4981375999999973e-01
-2.7360492544000046e+00
3.1178785791999992e+00
2.5701444607999968e+00
-7.0000000000000009e+00
-1.7955742208050049e-01
5.6623077217826889e-01
-3.2794719140574151e+00
-7.3968976172821534e+00
-3.0173945578031462e+00
-8.8630855373979422e-01
9.9000754001600744e-01
4.0254183156228703e-02
7.4985147213385139e-01
5.9796668563925082e-01
-1.4297215294747114e+00
1.0014635331158721e+00
-2.4971803354092675e-01
-5.5598481572590852e-01
4.9589122641740985e-01
-2.5853199085581069e-01
3.4765596502401741e-01
1.0014635331158721e+00
-1.1412227659025336e+00
-9.4073816404866206e-01
2.5621778264910766e+00
-1.3059199999999749e+00
2.9273466880001947e-01
-1.5469712383999834e+00
8.2436752383999963e+00
2.4789889331199966e+01
-9.2220800000000018e+00
7.0632253439999826e-01
6.8224235519999865e-01
-2.9390591999999849e-01
-2.8731773951999968e+00
-4.6838077440000075e-01
2.5701444608000017e+00
1.9950479360000098e-01
1.1286539263999980e+00
3.9060718592000088e+00
3.1178785791999934e+00
-3.3049856000000033e-01
-2.7047508991999960e+00
6.7659970559999805e-01
7.0632253439999981e-01
-7.0000000000000062e+00
4.7799989531016501e-01
-1.0714832534922873e-01
5.6623077217827034e-01
-3.0173945578031458e+00
-9.0737292522240427e+00
3.3755155557323988e+00
-2.5853199085580875e-01
-2.4971803354092664e-01
1.0757703304263652e-01
1.0516559162224028e+00
1.7143926207463167e-01
-9.4073816404866106e-01
-7.3023822634371308e-02
-4.1311600914345215e-01
-1.4297215294747179e+00
-1.1412227659025322e+00
1.2097086887417621e-01
9.9000754001600344e-01
-2.4765268044267064e-01
-2.5853199085580975e-01
2.5621778264910766e+00
-6.9999999999999769e+00
-1.3059199999999846e+00
4.9056000000000144e-01
2.4214399999999978e+00
-9.2220800000000125e+00
1.4700000000000011e+02
-7.0000000000000098e+00
-1.3059200000000026e+00
4.9056000000000044e-01
2.4214399999999983e+00
-9.2220799999999912e+00
-6.9999999999999973e+00
-1.3059200000000015e+00
4.9056000000000033e-01
2.4214399999999876e+00
-6.9999999999999982e+00
-1.3059200000000020e+00
4.9055999999999927e-01
-6.9999999999999920e+00
-1.3059199999999989e+00
-7.0000000000000107e+00
2.5621778264910571e+00
4.7799989531016651e-01
-1.7955742208049685e-01
-8.8630855373979545e-01
3.3755155557323944e+00
-5.3805734356312506e+01
2.5621778264910775e+00
4.7799989531017562e-01
-1.7955742208049388e-01
-8.8630855373979001e-01
3.3755155557323926e+00
2.5621778264910704e+00
4.7799989531017523e-01
-1.7955742208049552e-01
-8.8630855373978579e-01
2.5621778264910744e+00
4.7799989531017406e-01
-1.7955742208048880e-01
2.5621778264910731e+00
4.7799989531017617e-01
2.5621778264910775e+00
-9.2220799999999876e+00
-4.6838077439999615e-01
3.9060718592000008e+00
-2.7047508992000053e+00
7.0632253440000081e-01
-7.0000000000000115e+00
2.4789889331200019e+01
-2.8731773952000061e+00
1.1286539264000004e+00
-3.3049856000000200e-01
6.7659970560000016e-01
8.2436752384000087e+00
-2.9390591999999977e-01
1.9950479359999873e-01
3.1178785792000192e+00
-1.5469712384000067e+00
6.8224235520000120e-01
2.5701444608000101e+00
2.9273466879999382e-01
7.0632253439999881e-01
-1.3059200000000011e+00
3.3755155557323993e+00
1.7143926207462726e-01
-1.4297215294747183e+00
9.9000754001600511e-01
-2.5853199085580958e-01
2.5621778264910771e+00
-9.0737292522240516e+00
1.0516559162224046e+00
-4.1311600914345276e-01
1.2097086887417617e-01
-2.4765268044267244e-01
-3.0173945578031427e+00
1.0757703304263644e-01
-7.3023822634371252e-02
-1.1412227659025398e+00
5.6623077217827755e-01
-2.4971803354092661e-01
-9.4073816404866262e-01
-1.0714832534922202e-01
-2.5853199085580925e-01
4.7799989531017517e-01
2.4214400000000014e+00
-2.8731773951999968e+00
-1.6336753663999983e+00
-1.0997647359999926e-01
6.8224235519999876e-01
-1.3059200000000017e+00
-2.8731773952000048e+00
3.6889517055999983e+00
5.5269079039999969e-01
-4.0504289279999950e-01
-3.3049855999999944e-01
-1.6336753664000012e+00
5.5269079039999980e-01
-1.8273454079999932e-01
-9.4981376000000473e-01
-1.0997647359999911e-01
-4.0504289279999950e-01
-9.4981376000000339e-01
6.8224235520000032e-01
-3.3049856000000061e-01
-1.3059200000000009e+00
-8.8630855373979434e-01
1.0516559162224048e+00
5.9796668563925237e-01
4.0254183156229646e-02
-2.4971803354092512e-01
4.7799989531017517e-01
1.0516559162224042e+00
-1.3502500375835351e+00
-2.0229886972410124e-01
1.4825598838713702e-01
1.2097086887417562e-01
5.9796668563925170e-01
-2.0229886972410052e-01
6.6885484081683946e-02
3.4765596502401791e-01
4.0254183156227821e-02
1.4825598838713730e-01
3.4765596502401674e-01
-2.4971803354092764e-01
1.2097086887417605e-01
4.7799989531017445e-01
4.9055999999999722e-01
-2.9390591999999760e-01
-2.0486323199999958e+00
-2.0486323199999963e+00
-2.9390591999999977e-01
4.9055999999999911e-01
1.1286539264000008e+00
5.5269079039999891e-01
3.1765228543999959e+00
5.5269079039999724e-01
1.1286539264000011e+00
1.5189787647999995e+00
3.2576481279999975e-01
3.2576481279999886e-01
1.5189787648000079e+00
6.8224235519999787e-01
-1.8273454080000007e-01
6.8224235520000265e-01
1.9950479359999995e-01
1.9950479360000042e-01
-1.3059200000000017e+00
-1.7955742208049585e-01
1.0757703304263842e-01
7.4985147213385328e-01
7.4985147213385217e-01
1.0757703304263670e-01
-1.7955742208049458e-01
-4.1311600914345303e-01
-2.0229886972410105e-01
-1.1626880604122598e+00
-2.0229886972410011e-01
-4.1311600914345309e-01
-5.5598481572590930e-01
-1.1923819714388216e-01
-1.1923819714388209e-01
-5.5598481572591185e-01
-2.4971803354092706e-01
6.6885484081684196e-02
-2.4971803354092706e-01
-7.3023822634370988e-02
-7.3023822634370933e-02
4.7799989531017506e-01
-1.3059199999999969e+00
6.8224235519999643e-01
-1.0997647360000032e-01
-1.6336753664000003e+00
-2.8731773951999977e+00
2.4214399999999983e+00
-3.3049856000000094e-01
-4.0504289279999983e-01
5.5269079039999724e-01
3.6889517055999983e+00
-2.8731773952000030e+00
-9.4981375999999995e-01
-1.8273454080000037e-01
5.5269079039999969e-01
-1.6336753664000092e+00
-9.4981375999999973e-01
-4.0504289280000011e-01
-1.0997647360000208e-01
-3.3049856000000072e-01
6.8224235520000043e-01
-1.3059199999999989e+00
4.7799989531017412e-01
-2.4971803354092609e-01
4.0254183156228383e-02
5.9796668563925093e-01
1.0516559162224017e+00
-8.8630855373978923e-01
1.2097086887417666e-01
1.4825598838713711e-01
-2.0229886972409999e-01
-1.3502500375835356e+00
1.0516559162224037e+00
3.4765596502401652e-01
6.6885484081684071e-02
-2.0229886972410102e-01
5.9796668563925603e-01
3.4765596502401569e-01
1.4825598838713741e-01
4.0254183156230222e-02
1.2097086887417455e-01
-2.4971803354092725e-01
4.7799989531017589e-01
-7.0000000000000053e+00
7.0632253439999937e-01
-2.7047508991999925e+00
3.9060718592000110e+00
-4.6838077439999909e-01
-9.2220799999999929e+00
6.7659970559999938e-01
-3.3049855999999983e-01
1.1286539263999991e+00
-2.8731773952000026e+00
2.4789889331200008e+01
3.1178785791999974e+00
1.9950479360000190e-01
-2.9390592000000060e-01
8.2436752384000265e+00
2.5701444607999999e+00
6.8224235519999821e-01
-1.5469712383999950e+00
7.0632253440000470e-01
2.9273466880000487e-01
-1.3059200000000051e+00
2.5621778264910793e+00
-2.5853199085580669e-01
9.9000754001600988e-01
-1.4297215294747121e+00
1.7143926207463084e-01
3.3755155557323913e+00
-2.4765268044267261e-01
1.2097086887417551e-01
-4.1311600914345409e-01
1.0516559162224042e+00
-9.0737292522240480e+00
-1.1412227659025342e+00
-7.3023822634371544e-02
1.0757703304263795e-01
-3.0173945578031587e+00
-9.4073816404865862e-01
-2.4971803354092723e-01
5.6623077217827111e-01
-2.5853199085580403e-01
-1.0714832534922319e-01
4.7799989531017179e-01
2.4214399999999894e+00
3.9060718592000074e+00
-1.3548000255999950e+00
-2.7360492543999948e+00
2.5701444608000017e+00
-6.9999999999999929e+00
8.2436752383999998e+00
-1.6336753664000017e+00
1.5189787647999995e+00
-9.4981376000000084e-01
3.1178785792000023e+00
2.0208700108799999e+01
-2.0486323200000003e+00
6.8224235520000009e-01
7.0632253440000703e-01
8.9596838911999903e+00
-1.0997647359999799e-01
-2.7360492544000090e+00
-1.5469712383999963e+00
-2.7047508992000040e+00
4.9055999999998667e-01
-8.8630855373978890e-01
-1.4297215294747188e+00
4.9589122641740652e-01
1.0014635331158723e+00
-9.4073816404866173e-01
2.5621778264910744e+00
-3.0173945578031507e+00
5.9796668563925248e-01
-5.5598481572590963e-01
3.4765596502401663e-01
-1.1412227659025345e+00
-7.3968976172821659e+00
7.4985147213385328e-01
-2.4971803354092656e-01
-2.5853199085581235e-01
-3.2794719140574156e+00
4.0254183156228633e-02
1.0014635331158754e+00
5.6623077217827511e-01
9.9000754001600277e-01
-1.7955742208049402e-01
4.9055999999999900e-01
1.1286539263999973e+00
1.5189787647999979e+00
6.8224235519999932e-01
1.9950479360000128e-01
-1.3059200000000017e+00
-2.9390591999999949e-01
5.5269079039999991e-01
3.2576481280000003e-01
-1.8273454079999996e-01
1.9950479360000109e-01
-2.0486323199999998e+00
3.1765228543999964e+00
3.2576481279999919e-01
6.8224235520000287e-01
-2.0486323199999976e+00
5.5269079039999780e-01
1.5189787648000033e+00
-2.9390591999999871e-01
1.1286539264000017e+00
4.9056000000000216e-01
-1.7955742208049458e-01
-4.1311600914345226e-01
-5.5598481572590808e-01
-2.4971803354092634e-01
-7.3023822634371363e-02
4.7799989531017500e-01
1.0757703304263655e-01
-2.0229886972410058e-01
-1.1923819714388237e-01
6.6885484081684057e-02
-7.3023822634371571e-02
7.4985147213385228e-01
-1.1626880604122591e+00
-1.1923819714388195e-01
-2.4971803354092806e-01
7.4985147213385261e-01
-2.0229886972410063e-01
-5.5598481572590974e-01
1.0757703304263758e-01
-4.1311600914345270e-01
-1.7955742208049527e-01
-1.3059199999999980e+00
1.9950479359999995e-01
6.8224235519999987e-01
1.5189787647999999e+00
1.1286539263999988e+00
4.9056000000000199e-01
1.9950479359999887e-01
-1.8273454079999965e-01
3.2576481279999880e-01
5.5269079039999991e-01
-2.9390592000000171e-01
6.8224235519999987e-01
3.2576481279999908e-01
3.1765228543999982e+00
-2.0486323200000092e+00
1.5189787647999999e+00
5.5269079039999980e-01
-2.0486323200000056e+00
1.1286539263999982e+00
-2.9390592000000160e-01
4.9056000000000105e-01
4.7799989531017395e-01
-7.3023822634371224e-02
-2.4971803354092650e-01
-5.5598481572590763e-01
-4.1311600914345120e-01
-1.7955742208049480e-01
-7.3023822634370864e-02
6.6885484081683808e-02
-1.1923819714388202e-01
-2.0229886972410080e-01
1.0757703304263780e-01
-2.4971803354092617e-01
-1.1923819714388194e-01
-1.1626880604122571e+00
7.4985147213385517e-01
-5.5598481572590919e-01
-2.0229886972410030e-01
7.4985147213385195e-01
-4.1311600914345342e-01
1.0757703304263581e-01
-1.7955742208049463e-01
-7.0000000000000293e+00
2.5701444608000128e+00
-2.7360492544000077e+00
-1.3548000255999997e+00
3.9060718592000074e+00
2.4214399999999801e+00
3.1178785792000174e+00
-9.4981376000000473e-01
1.5189787648000086e+00
-1.6336753664000092e+00
8.2436752384000336e+00
7.0632253440000758e-01
6.8224235520000320e-01
-2.0486323200000087e+00
2.0208700108800077e+01
-2.7360492544000024e+00
-1.0997647360000180e-01
8.9596838912000383e+00
-2.7047508991999973e+00
-1.5469712383999925e+00
4.9055999999999983e-01
2.5621778264910855e+00
-9.4073816404866406e-01
1.0014635331158790e+00
4.9589122641740996e-01
-1.4297215294747234e+00
-8.8630855373979078e-01
-1.1412227659025409e+00
3.4765596502401763e-01
-5.5598481572591241e-01
5.9796668563925581e-01
-3.0173945578031547e+00
-2.5853199085581263e-01
-2.4971803354092795e-01
7.4985147213385506e-01
-7.3968976172821961e+00
1.0014635331158794e+00
4.0254183156227433e-02
-3.2794719140574253e+00
9.9000754001601277e-01
5.6623077217827844e-01
-1.7955742208049610e-01
4.9055999999998945e-01
-2.7047508991999871e+00
-2.7360492543999895e+00
7.0632253440000503e-01
3.1178785791999921e+00
-6.9999999999999956e+00
-1.5469712383999994e+00
-1.0997647360000048e-01
6.8224235519999787e-01
-9.4981375999999940e-01
2.5701444607999995e+00
8.9596838911999903e+00
-2.0486323199999976e+00
1.5189787648000006e+00
-2.7360492544000068e+00
2.0208700108799977e+01
-1.6336753663999994e+00
-1.3548000256000021e+00
8.2436752383999927e+00
3.9060718592000017e+00
2.4214399999999867e+00
-1.7955742208049508e-01
9.9000754001600766e-01
1.0014635331158750e+00
-2.5853199085580830e-01
-1.1412227659025316e+00
2.5621778264910762e+00
5.6623077217827833e-01
4.0254183156227523e-02
-2.4971803354092656e-01
3.4765596502401630e-01
-9.4073816404865718e-01
-3.2794719140574107e+00
7.4985147213385306e-01
-5.5598481572590852e-01
1.0014635331158774e+00
-7.3968976172821677e+00
5.9796668563925337e-01
4.9589122641740802e-01
-3.0173945578031462e+00
-1.4297215294747194e+00
-8.8630855373978956e-01
-1.3059199999999942e+00
-3.3049856000000205e-01
-9.4981376000000139e-01
-9.4981376000000017e-01
-3.3049855999999994e-01
-1.3059200000000009e+00
6.8224235519999976e-01
-4.0504289279999922e-01
-1.8273454079999993e-01
-4.0504289280000044e-01
6.8224235519999987e-01
-1.0997647359999690e-01
5.5269079039999791e-01
5.5269079039999935e-01
-1.0997647360000043e-01
-1.6336753663999986e+00
3.6889517055999965e+00
-1.6336753664000061e+00
-2.8731773951999990e+00
-2.8731773952000026e+00
2.4214399999999929e+00
4.7799989531017573e-01
1.2097086887417612e-01
3.4765596502401708e-01
3.4765596502401686e-01
1.2097086887417691e-01
4.7799989531017445e-01
-2.4971803354092750e-01
1.4825598838713752e-01
6.6885484081684016e-02
1.4825598838713744e-01
-2.4971803354092814e-01
4.0254183156227856e-02
-2.0229886972410044e-01
-2.0229886972410072e-01
4.0254183156227814e-02
5.9796668563925315e-01
-1.3502500375835371e+00
5.9796668563925370e-01
1.0516559162224046e+00
1.0516559162224055e+00
-8.8630855373979089e-01
-7.0000000000000187e+00
3.1178785792000001e+00
7.0632253440000026e-01
-2.7360492544000032e+00
-2.7047508992000004e+00
4.9055999999999156e-01
2.5701444608000110e+00
-9.4981376000000284e-01
6.8224235520000254e-01
-1.0997647360000121e-01
-1.5469712383999938e+00
-2.7360492544000077e+00
1.5189787648000024e+00
-2.0486323200000047e+00
8.9596838912000347e+00
-1.3548000255999995e+00
-1.6336753664000074e+00
2.0208700108800041e+01
3.9060718592000097e+00
8.2436752384000194e+00
2.4214399999999987e+00
2.5621778264910788e+00
-1.1412227659025338e+00
-2.5853199085580891e-01
1.0014635331158737e+00
9.9000754001600078e-01
-1.7955742208049422e-01
-9.4073816404866151e-01
3.4765596502401708e-01
-2.4971803354092673e-01
4.0254183156229272e-02
5.6623077217827655e-01
1.0014635331158770e+00
-5.5598481572591008e-01
7.4985147213385273e-01
-3.2794719140574244e+00
4.9589122641741168e-01
5.9796668563925259e-01
-7.3968976172821677e+00
-1.4297215294747121e+00
-3.0173945578031454e+00
-8.8630855373979134e-01
-1.3059199999999982e+00
7.0632253440000226e-01
2.5701444608000004e+00
3.1178785791999974e+00
6.7659970559999749e-01
-6.9999999999999902e+00
2.9273466879999926e-01
6.8224235519999965e-01
1.9950479359999859e-01
-3.3049855999999900e-01
7.0632253439999493e-01
-1.5469712384000034e+00
-2.9390591999999854e-01
1.1286539263999988e+00
-2.7047508992000027e+00
8.2436752383999838e+00
-2.8731773951999973e+00
3.9060718592000030e+00
2.4789889331199973e+01
-4.6838077440000719e-01
-9.2220799999999770e+00
4.7799989531017256e-01
-2.5853199085580858e-01
-9.4073816404866117e-01
-1.1412227659025362e+00
-2.4765268044267358e-01
2.5621778264910740e+00
-1.0714832534921989e-01
-2.4971803354092753e-01
-7.3023822634370600e-02
1.2097086887417566e-01
-2.5853199085580586e-01
5.6623077217827489e-01
1.0757703304263801e-01
-4.1311600914345248e-01
9.9000754001601143e-01
-3.0173945578031516e+00
1.0516559162224068e+00
-1.4297215294747163e+00
-9.0737292522240480e+00
1.7143926207462576e-01
3.3755155557323975e+00
-7.0000000000000071e+00
6.7659970559999894e-01
3.1178785792000032e+00
2.5701444608000013e+00
7.0632253439999881e-01
-1.3059200000000060e+00
7.0632253440000192e-01
-3.3049856000000077e-01
1.9950479359999904e-01
6.8224235520000076e-01
2.9273466880000376e-01
-2.7047508992000031e+00
1.1286539264000004e+00
-2.9390592000000026e-01
-1.5469712383999989e+00
3.9060718592000039e+00
-2.8731773952000035e+00
8.2436752384000140e+00
-4.6838077439999953e-01
2.4789889331200005e+01
-9.2220799999999770e+00
2.5621778264910731e+00
-2.4765268044267169e-01
-1.1412227659025340e+00
-9.4073816404865940e-01
-2.5853199085580941e-01
4.7799989531017578e-01
-2.5853199085580664e-01
1.2097086887417560e-01
-7.3023822634370725e-02
-2.4971803354092717e-01
-1.0714832534922064e-01
9.9000754001600721e-01
-4.1311600914345387e-01
1.0757703304263706e-01
5.6623077217827678e-01
-1.4297215294747168e+00
1.0516559162224046e+00
-3.0173945578031476e+00
1.7143926207463031e-01
-9.0737292522240462e+00
3.3755155557323957e+00
-7.0000000000000098e+00
-7.0000000000000018e+00
-6.9999999999999991e+00
-6.9999999999999991e+00
-7.0000000000000044e+00
-7.0000000000000124e+00
-1.3059200000000002e+00
-1.3059199999999997e+00
-1.3059199999999993e+00
-1.3059199999999993e+00
-1.3059199999999975e+00
4.9055999999999628e-01
4.9056000000000172e-01
4.9056000000000199e-01
4.9055999999999744e-01
2.4214399999999947e+00
2.4214399999999912e+00
2.4214399999999952e+00
-9.2220799999999716e+00
-9.2220799999999805e+00
1.4699999999999991e+02
2.5621778264910828e+00
2.5621778264910771e+00
2.5621778264910775e+00
2.5621778264910766e+00
2.5621778264910793e+00
2.5621778264910731e+00
4.7799989531017445e-01
4.7799989531017534e-01
4.7799989531017528e-01
4.7799989531017573e-01
4.7799989531017140e-01
-1.7955742208049524e-01
-1.7955742208049519e-01
-1.7955742208049308e-01
-1.7955742208049996e-01
-8.8630855373978601e-01
-8.8630855373979145e-01
-8.8630855373979378e-01
3.3755155557324046e+00
3.3755155557323966e+00
-5.3805734356312570e+01
2.0080573435631257e+02
-1.2597595555732406e+01
3.3077485537397933e+00
6.7011742208049974e-01
-1.7839198953101418e+00
-9.5621778264910429e+00
-1.2597595555732395e+01
3.3077485537397995e+00
6.7011742208049396e-01
-1.7839198953101714e+00
-9.5621778264910908e+00
3.3077485537397848e+00
6.7011742208049185e-01
-1.7839198953101718e+00
-9.5621778264911281e+00
6.7011742208049574e-01
-1.7839198953101700e+00
-9.5621778264911192e+00
-1.7839198953101740e+00
-9.5621778264910944e+00
-9.5621778264910784e+00
1.4700000000000014e+02
-9.2220800000000143e+00
2.4214400000000005e+00
4.9056000000000721e-01
-1.3059199999999753e+00
-6.9999999999999822e+00
-9.2220800000000036e+00
2.4214400000000080e+00
4.9055999999999916e-01
-1.3059199999999980e+00
-7.0000000000000160e+00
2.4214399999999983e+00
4.9055999999999728e-01
-1.3059199999999964e+00
-7.0000000000000506e+00
4.9056000000000405e-01
-1.3059199999999949e+00
-7.0000000000000497e+00
-1.3059200000000042e+00
-7.0000000000000258e+00
-7.0000000000000000e+00
-1.2597595555732406e+01
3.3863618583424028e+01
1.1261069796203126e+01
-2.1132020105782710e+00
3.9988299414924672e-01
-1.7839198953101487e+00
-6.3982003647463448e-01
-3.9248333114223994e+00
-4.0148295304263543e-01
9.3196038874092224e-01
9.6485452525580628e-01
5.3357933886747180e+00
1.5417699355434518e+00
2.7252861623436903e-01
3.5108826248486871e+00
-3.6947584392160020e+00
-4.5146942887417796e-01
4.2591013451025423e+00
9.6485452525580695e-01
9.2425238604267057e-01
-9.5621778264910802e+00
-9.2220800000000196e+00
2.4789889331200019e+01
8.2436752383999963e+00
-1.5469712383999976e+00
2.9273466880001597e-01
-1.3059199999999802e+00
-4.6838077440000409e-01
-2.8731773952000004e+00
-2.9390591999999915e-01
6.8224235519999721e-01
7.0632253439999959e-01
3.9060718592000048e+00
1.1286539264000002e+00
1.9950479359999823e-01
2.5701444608000235e+00
-2.7047508992000000e+00
-3.3049856000000238e-01
3.1178785792000117e+00
7.0632253440000148e-01
6.7659970560000116e-01
-7.0000000000000151e+00
3.3077485537398021e+00
1.1261069796203124e+01
2.7605597726082138e+01
1.2239155805257411e+01
-2.1132020105782452e+00
6.7011742208049929e-01
5.3357933886747153e+00
-2.2316420520392470e+00
-2.7984837921338515e+00
-1.5023065675622879e-01
-3.6947584392160140e+00
-1.8506912520174088e+00
2.0749635805259081e+00
9.3196038874092713e-01
-3.7375127875158878e+00
-3.7375127875158705e+00
-1.2974697250240175e+00
9.6485452525580573e-01
3.5108826248486560e+00
4.2591013451025344e+00
-9.5621778264910748e+00
2.4214400000000071e+00
8.2436752383999963e+00
2.0208700108800002e+01
8.9596838912000045e+00
-1.5469712383999803e+00
4.9056000000000455e-01
3.9060718592000021e+00
-1.6336753663999979e+00
-2.0486323200000003e+00
-1.0997647359999935e-01
-2.7047508992000084e+00
-1.3548000256000023e+00
1.5189787648000004e+00
6.8224235520000032e-01
-2.7360492544000117e+00
-2.7360492543999984e+00
-9.4981376000000184e-01
7.0632253439999970e-01
2.5701444608000013e+00
3.1178785792000037e+00
-7.0000000000000115e+00
6.7011742208049840e-01
-2.1132020105782630e+00
1.2239155805257420e+01
2.7605597726082166e+01
1.1261069796203167e+01
3.3077485537397942e+00
-3.6947584392160131e+00
-1.5023065675622760e-01
-2.7984837921338523e+00
-2.2316420520392546e+00
5.3357933886747215e+00
-3.7375127875158740e+00
9.3196038874092801e-01
2.0749635805259108e+00
-1.8506912520174077e+00
9.6485452525581494e-01
-1.2974697250240186e+00
-3.7375127875158771e+00
4.2591013451025388e+00
3.5108826248486644e+00
-9.5621778264910890e+00
4.9056000000000366e-01
-1.5469712383999914e+00
8.9596838912000045e+00
2.0208700108800009e+01
8.2436752384000229e+00
2.4214400000000031e+00
-2.7047508992000062e+00
-1.0997647359999922e-01
-2.0486323200000003e+00
-1.6336753664000017e+00
3.9060718592000021e+00
-2.7360492544000010e+00
6.8224235520000087e-01
1.5189787648000015e+00
-1.3548000256000010e+00
7.0632253440000359e-01
-9.4981376000000206e-01
-2.7360492544000055e+00
3.1178785792000046e+00
2.5701444608000035e+00
-7.0000000000000178e+00
-1.7839198953101465e+00
3.9988299414924899e-01
-2.1132020105782470e+00
1.1261069796203163e+01
3.3863618583424035e+01
-1.2597595555732418e+01
9.6485452525580806e-01
9.3196038874092446e-01
-4.0148295304263615e-01
-3.9248333114224034e+00
-6.3982003647462127e-01
3.5108826248486658e+00
2.7252861623437302e-01
1.5417699355434522e+00
5.3357933886747366e+00
4.2591013451025326e+00
-4.5146942887417785e-01
-3.6947584392159976e+00
9.2425238604267468e-01
9.6485452525581417e-01
-9.5621778264910908e+00
-1.3059199999999798e+00
2.9273466880001986e-01
-1.5469712383999816e+00
8.2436752384000194e+00
2.4789889331200012e+01
-9.2220800000000143e+00
7.0632253440000070e-01
6.8224235519999821e-01
-2.9390591999999904e-01
-2.8731773952000008e+00
-4.6838077439999870e-01
2.5701444608000088e+00
1.9950479360000084e-01
1.1286539264000002e+00
3.9060718592000159e+00
3.1178785792000019e+00
-3.3049856000000205e-01
-2.7047508991999978e+00
6.7659970560000149e-01
7.0632253440000425e-01
-7.0000000000000178e+00
-9.5621778264910358e+00
-1.7839198953101492e+00
6.7011742208050007e-01
3.3077485537397866e+00
-1.2597595555732424e+01
2.0080573435631274e+02
-9.5621778264910926e+00
-1.7839198953101785e+00
6.7011742208049541e-01
3.3077485537397942e+00
-1.2597595555732401e+01
-9.5621778264910873e+00
-1.7839198953101751e+00
6.7011742208049530e-01
3.3077485537397759e+00
-9.5621778264910908e+00
-1.7839198953101776e+00
6.7011742208049452e-01
-9.5621778264910660e+00
-1.7839198953101763e+00
-9.5621778264910926e+00
-6.9999999999999725e+00
-1.3059199999999838e+00
4.9056000000000427e-01
2.4214399999999952e+00
-9.2220800000000231e+00
1.4700000000000020e+02
-7.0000000000000204e+00
-1.3059200000000033e+00
4.9056000000000022e-01
2.4214400000000023e+00
-9.2220800000000089e+00
-7.0000000000000178e+00
-1.3059200000000006e+00
4.9056000000000033e-01
2.4214399999999907e+00
-7.0000000000000195e+00
-1.3059200000000015e+00
4.9056000000000421e-01
-7.0000000000000036e+00
-1.3059200000000015e+00
-7.0000000000000115e+00
-1.2597595555732390e+01
-6.3982003647462671e-01
5.3357933886747171e+00
-3.6947584392160171e+00
9.6485452525581017e-01
-9.5621778264911015e+00
3.3863618583424092e+01
-3.9248333114224154e+00
1.5417699355434549e+00
-4.5146942887417862e-01
9.2425238604267523e-01
1.1261069796203168e+01
-4.0148295304263837e-01
2.7252861623437019e-01
4.2591013451025628e+00
-2.1132020105782767e+00
9.3196038874092901e-01
3.5108826248486746e+00
3.9988299414921313e-01
9.6485452525580739e-01
-1.7839198953101745e+00
-9.2220799999999983e+00
-4.6838077439999731e-01
3.9060718592000039e+00
-2.7047508992000098e+00
7.0632253440000214e-01
-7.0000000000000249e+00
2.4789889331200051e+01
-2.8731773952000106e+00
1.1286539264000028e+00
-3.3049856000000261e-01
6.7659970560000260e-01
8.2436752384000265e+00
-2.9390592000000110e-01
1.9950479359999926e-01
3.1178785792000250e+00
-1.5469712383999989e+00
6.8224235520000054e-01
2.5701444608000168e+00
2.9273466879999804e-01
7.0632253440000148e-01
-1.3059200000000026e+00
3.3077485537397968e+00
-3.9248333114224034e+00
-2.2316420520392497e+00
-1.5023065675622721e-01
9.3196038874092479e-01
-1.7839198953101771e+00
-3.9248333114224105e+00
5.0392017431835354e+00
7.5498966012409996e-01
-5.5329888118713633e-01
-4.5146942887417590e-01
-2.2316420520392550e+00
7.5498966012410018e-01
-2.4962002488168339e-01
-1.2974697250240239e+00
-1.5023065675622821e-01
-5.5329888118713721e-01
-1.2974697250240217e+00
9.3196038874092779e-01
-4.5146942887417640e-01
-1.7839198953101765e+00
2.4214400000000063e+00
-2.8731773952000026e+00
-1.6336753663999997e+00
-1.0997647359999875e-01
6.8224235519999932e-01
-1.3059200000000029e+00
-2.8731773952000084e+00
3.6889517056000027e+00
5.5269079039999935e-01
-4.0504289279999961e-01
-3.3049856000000061e-01
-1.6336753664000041e+00
5.5269079040000002e-01
-1.8273454079999937e-01
-9.4981376000000706e-01
-1.0997647360000015e-01
-4.0504289279999983e-01
-9.4981376000000561e-01
6.8224235520000065e-01
-3.3049856000000111e-01
-1.3059200000000017e+00
6.7011742208049152e-01
-4.0148295304263537e-01
-2.7984837921338515e+00
-2.7984837921338510e+00
-4.0148295304263693e-01
6.7011742208049419e-01
1.5417699355434558e+00
7.5498966012409907e-01
4.3392109148122575e+00
7.5498966012409763e-01
1.5417699355434551e+00
2.0749635805259126e+00
4.4500300994388120e-01
4.4500300994388126e-01
2.0749635805259219e+00
9.3196038874092724e-01
-2.4962002488168464e-01
9.3196038874093134e-01
2.7252861623437102e-01
2.7252861623437163e-01
-1.7839198953101769e+00
4.9055999999999728e-01
-2.9390591999999893e-01
-2.0486323200000003e+00
-2.0486323199999998e+00
-2.9390591999999999e-01
4.9055999999999933e-01
1.1286539264000028e+00
5.5269079039999902e-01
3.1765228543999999e+00
5.5269079039999736e-01
1.1286539264000033e+00
1.5189787648000030e+00
3.2576481279999964e-01
3.2576481279999903e-01
1.5189787648000110e+00
6.8224235520000087e-01
-1.8273454080000048e-01
6.8224235520000487e-01
1.9950479360000087e-01
1.9950479360000087e-01
-1.3059200000000024e+00
-1.7839198953101705e+00
9.3196038874092169e-01
-1.5023065675623024e-01
-2.2316420520392546e+00
-3.9248333114224017e+00
3.3077485537397928e+00
-4.5146942887417840e-01
-5.5329888118713644e-01
7.5498966012409752e-01
5.0392017431835345e+00
-3.9248333114224114e+00
-1.2974697250240186e+00
-2.4962002488168433e-01
7.5498966012410162e-01
-2.2316420520392684e+00
-1.2974697250240177e+00
-5.5329888118713721e-01
-1.5023065675623337e-01
-4.5146942887417685e-01
9.3196038874092735e-01
-1.7839198953101738e+00
-1.3059199999999966e+00
6.8224235519999632e-01
-1.0997647360000019e-01
-1.6336753664000019e+00
-2.8731773952000008e+00
2.4214400000000014e+00
-3.3049856000000266e-01
-4.0504289279999939e-01
5.5269079039999724e-01
3.6889517056000001e+00
-2.8731773952000053e+00
-9.4981376000000284e-01
-1.8273454080000021e-01
5.5269079040000013e-01
-1.6336753664000123e+00
-9.4981376000000195e-01
-4.0504289280000000e-01
-1.0997647360000364e-01
-3.3049856000000088e-01
6.8224235520000054e-01
-1.3059200000000004e+00
-9.5621778264910944e+00
9.6485452525581261e-01
-3.6947584392159958e+00
5.3357933886747375e+00
-6.3982003647462449e-01
-1.2597595555732406e+01
9.2425238604267679e-01
-4.5146942887417796e-01
1.5417699355434533e+00
-3.9248333114224110e+00
3.3863618583424085e+01
4.2591013451025388e+00
2.7252861623437374e-01
-4.0148295304263870e-01
1.1261069796203198e+01
3.5108826248486653e+00
9.3196038874092391e-01
-2.1132020105782590e+00
9.6485452525581672e-01
3.9988299414923290e-01
-1.7839198953101829e+00
-7.0000000000000178e+00
7.0632253440000137e-01
-2.7047508991999982e+00
3.9060718592000176e+00
-4.6838077439999459e-01
-9.2220800000000160e+00
6.7659970560000482e-01
-3.3049856000000177e-01
1.1286539264000017e+00
-2.8731773952000070e+00
2.4789889331200047e+01
3.1178785792000072e+00
1.9950479360000195e-01
-2.9390592000000104e-01
8.2436752384000442e+00
2.5701444608000061e+00
6.8224235519999898e-01
-1.5469712383999923e+00
7.0632253440000670e-01
2.9273466880000265e-01
-1.3059200000000053e+00
3.3077485537397857e+00
5.3357933886747277e+00
-1.8506912520174090e+00
-3.7375127875158709e+00
3.5108826248486680e+00
-9.5621778264910819e+00
1.1261069796203154e+01
-2.2316420520392573e+00
2.0749635805259112e+00
-1.2974697250240192e+00
4.2591013451025441e+00
2.7605597726082195e+01
-2.7984837921338581e+00
9.3196038874092813e-01
9.6485452525582094e-01
1.2239155805257427e+01
-1.5023065675622668e-01
-3.7375127875158896e+00
-2.1132020105782718e+00
-3.6947584392160135e+00
6.7011742208048652e-01
2.4214399999999956e+00
3.9060718592000079e+00
-1.3548000256000030e+00
-2.7360492544000006e+00
2.5701444608000097e+00
-7.0000000000000151e+00
8.2436752384000140e+00
-1.6336753664000045e+00
1.5189787648000026e+00
-9.4981376000000350e-01
3.1178785792000090e+00
2.0208700108800041e+01
-2.0486323200000061e+00
6.8224235520000165e-01
7.0632253440000858e-01
8.9596838912000205e+00
-1.0997647359999842e-01
-2.7360492544000148e+00
-1.5469712383999963e+00
-2.7047508992000093e+00
4.9055999999999916e-01
6.7011742208049241e-01
1.5417699355434491e+00
2.0749635805259072e+00
9.3196038874092657e-01
2.7252861623437241e-01
-1.7839198953101767e+00
-4.0148295304263693e-01
7.5498966012410107e-01
4.4500300994388203e-01
-2.4962002488168400e-01
2.7252861623437191e-01
-2.7984837921338568e+00
4.3392109148122575e+00
4.4500300994388148e-01
9.3196038874093146e-01
-2.7984837921338537e+00
7.5498966012409907e-01
2.0749635805259148e+00
-4.0148295304263670e-01
1.5417699355434555e+00
6.7011742208049629e-01
4.9055999999999828e-01
1.1286539263999991e+00
1.5189787648000006e+00
6.8224235520000021e-01
1.9950479360000062e-01
-1.3059200000000013e+00
-2.9390591999999943e-01
5.5269079040000013e-01
3.2576481280000008e-01
-1.8273454079999993e-01
1.9950479360000092e-01
-2.0486323200000038e+00
3.1765228544000004e+00
3.2576481279999908e-01
6.8224235520000465e-01
-2.0486323200000029e+00
5.5269079039999836e-01
1.5189787648000068e+00
-2.9390592000000015e-01
1.1286539264000039e+00
4.9056000000000016e-01
-1.7839198953101736e+00
2.7252861623437058e-01
9.3196038874092668e-01
2.0749635805259108e+00
1.5417699355434527e+00
6.7011742208049740e-01
2.7252861623436975e-01
-2.4962002488168369e-01
4.4500300994388103e-01
7.5498966012410074e-01
-4.0148295304263876e-01
9.3196038874092857e-01
4.4500300994388114e-01
4.3392109148122602e+00
-2.7984837921338683e+00
2.0749635805259126e+00
7.5498966012410162e-01
-2.7984837921338626e+00
1.5417699355434527e+00
-4.0148295304263942e-01
6.7011742208049629e-01
-1.3059199999999982e+00
1.9950479359999918e-01
6.8224235519999976e-01
1.5189787648000015e+00
1.1286539264000013e+00
4.9056000000000149e-01
1.9950479359999879e-01
-1.8273454079999940e-01
3.2576481279999875e-01
5.5269079039999924e-01
-2.9390592000000121e-01
6.8224235520000143e-01
3.2576481279999908e-01
3.1765228544000004e+00
-2.0486323200000123e+00
1.5189787648000030e+00
5.5269079040000024e-01
-2.0486323200000096e+00
1.1286539264000002e+00
-2.9390592000000226e-01
4.9056000000000100e-01
-9.5621778264911281e+00
3.5108826248486884e+00
-3.7375127875158833e+00
-1.8506912520174121e+00
5.3357933886747304e+00
3.3077485537397675e+00
4.2591013451025654e+00
-1.2974697250240259e+00
2.0749635805259228e+00
-2.2316420520392661e+00
1.1261069796203197e+01
9.6485452525582049e-01
9.3196038874093268e-01
-2.7984837921338688e+00
2.7605597726082305e+01
-3.7375127875158847e+00
-1.5023065675623321e-01
1.2239155805257493e+01
-3.6947584392160029e+00
-2.1132020105782647e+00
6.7011742208049008e-01
-7.0000000000000497e+00
2.5701444608000243e+00
-2.7360492544000090e+00
-1.3548000256000050e+00
3.9060718592000065e+00
2.4214399999999832e+00
3.1178785792000263e+00
-9.4981376000000872e-01
1.5189787648000117e+00
-1.6336753664000110e+00
8.2436752384000496e+00
7.0632253440000803e-01
6.8224235520000553e-01
-2.0486323200000127e+00
2.0208700108800119e+01
-2.7360492544000103e+00
-1.0997647360000300e-01
8.9596838912000685e+00
-2.7047508992000009e+00
-1.5469712383999901e+00
4.9055999999999883e-01
6.7011742208048664e-01
-3.6947584392159962e+00
-3.7375127875158674e+00
9.6485452525581816e-01
4.2591013451025326e+00
-9.5621778264910855e+00
-2.1132020105782723e+00
-1.5023065675623129e-01
9.3196038874092557e-01
-1.2974697250240177e+00
3.5108826248486675e+00
1.2239155805257431e+01
-2.7984837921338577e+00
2.0749635805259130e+00
-3.7375127875158878e+00
2.7605597726082177e+01
-2.2316420520392546e+00
-1.8506912520174208e+00
1.1261069796203143e+01
5.3357933886747206e+00
3.3077485537397755e+00
4.9055999999999328e-01
-2.7047508991999969e+00
-2.7360492543999966e+00
7.0632253440000736e-01
3.1178785792000023e+00
-7.0000000000000204e+00
-1.5469712383999950e+00
-1.0997647360000123e-01
6.8224235519999932e-01
-9.4981376000000184e-01
2.5701444608000061e+00
8.9596838912000152e+00
-2.0486323200000047e+00
1.5189787648000033e+00
-2.7360492544000135e+00
2.0208700108800024e+01
-1.6336753664000037e+00
-1.3548000256000070e+00
8.2436752384000123e+00
3.9060718592000101e+00
2.4214399999999858e+00
-1.7839198953101696e+00
-4.5146942887417851e-01
-1.2974697250240199e+00
-1.2974697250240188e+00
-4.5146942887417729e-01
-1.7839198953101776e+00
9.3196038874092613e-01
-5.5329888118713610e-01
-2.4962002488168433e-01
-5.5329888118713821e-01
9.3196038874092701e-01
-1.5023065675622718e-01
7.5498966012409907e-01
7.5498966012410107e-01
-1.5023065675623110e-01
-2.2316420520392546e+00
5.0392017431835372e+00
-2.2316420520392630e+00
-3.9248333114224048e+00
-3.9248333114224119e+00
3.3077485537397853e+00
-1.3059199999999953e+00
-3.3049856000000222e-01
-9.4981376000000295e-01
-9.4981376000000217e-01
-3.3049856000000066e-01
-1.3059200000000015e+00
6.8224235519999843e-01
-4.0504289279999928e-01
-1.8273454080000023e-01
-4.0504289280000061e-01
6.8224235520000032e-01
-1.0997647359999824e-01
5.5269079039999880e-01
5.5269079040000013e-01
-1.0997647360000164e-01
-1.6336753664000023e+00
3.6889517056000014e+00
-1.6336753664000108e+00
-2.8731773952000044e+00
-2.8731773952000079e+00
2.4214399999999991e+00
-9.5621778264911086e+00
4.2591013451025397e+00
9.6485452525580873e-01
-3.7375127875158847e+00
-3.6947584392160056e+00
6.7011742208048986e-01
3.5108826248486777e+00
-1.2974697250240217e+00
9.3196038874093123e-01
-1.5023065675622965e-01
-2.1132020105782710e+00
-3.7375127875158878e+00
2.0749635805259143e+00
-2.7984837921338621e+00
1.2239155805257479e+01
-1.8506912520174152e+00
-2.2316420520392639e+00
2.7605597726082237e+01
5.3357933886747215e+00
1.1261069796203177e+01
3.3077485537397866e+00
-7.0000000000000417e+00
3.1178785792000103e+00
7.0632253440000259e-01
-2.7360492544000135e+00
-2.7047508992000102e+00
4.9056000000000266e-01
2.5701444608000181e+00
-9.4981376000000606e-01
6.8224235520000542e-01
-1.0997647359999956e-01
-1.5469712383999976e+00
-2.7360492544000197e+00
1.5189787648000077e+00
-2.0486323200000096e+00
8.9596838912000649e+00
-1.3548000256000108e+00
-1.6336753664000117e+00
2.0208700108800095e+01
3.9060718592000145e+00
8.2436752384000425e+00
2.4214399999999858e+00
-1.7839198953101729e+00
9.6485452525581017e-01
3.5108826248486582e+00
4.2591013451025361e+00
9.2425238604267601e-01
-9.5621778264910606e+00
3.9988299414922346e-01
9.3196038874092590e-01
2.7252861623437086e-01
-4.5146942887417607e-01
9.6485452525581084e-01
-2.1132020105782630e+00
-4.0148295304263903e-01
1.5417699355434520e+00
-3.6947584392160033e+00
1.1261069796203145e+01
-3.9248333114224052e+00
5.3357933886747189e+00
3.3863618583424014e+01
-6.3982003647463681e-01
-1.2597595555732378e+01
-1.3059200000000015e+00
7.0632253440000292e-01
2.5701444608000021e+00
3.1178785792000037e+00
6.7659970560000227e-01
-7.0000000000000027e+00
2.9273466879999943e-01
6.8224235520000065e-01
1.9950479359999962e-01
-3.3049856000000033e-01
7.0632253440000159e-01
-1.5469712384000005e+00
-2.9390592000000060e-01
1.1286539264000000e+00
-2.7047508992000036e+00
8.2436752384000034e+00
-2.8731773952000026e+00
3.9060718592000088e+00
2.4789889331200005e+01
-4.6838077440000031e-01
-9.2220800000000054e+00
-9.5621778264910890e+00
9.2425238604266780e-01
4.2591013451025450e+00
3.5108826248486662e+00
9.6485452525580584e-01
-1.7839198953101798e+00
9.6485452525580950e-01
-4.5146942887417701e-01
2.7252861623436886e-01
9.3196038874092968e-01
3.9988299414921924e-01
-3.6947584392160180e+00
1.5417699355434547e+00
-4.0148295304263709e-01
-2.1132020105782838e+00
5.3357933886747251e+00
-3.9248333114224119e+00
1.1261069796203170e+01
-6.3982003647462549e-01
3.3863618583424078e+01
-1.2597595555732388e+01
-7.0000000000000195e+00
6.7659970560000304e-01
3.1178785792000139e+00
2.5701444608000048e+00
7.0632253439999848e-01
-1.3059200000000073e+00
7.0632253440000581e-01
-3.3049856000000122e-01
1.9950479359999962e-01
6.8224235520000254e-01
2.9273466879999677e-01
-2.7047508992000115e+00
1.1286539264000033e+00
-2.9390592000000171e-01
-1.5469712384000003e+00
3.9060718592000074e+00
-2.8731773952000101e+00
8.2436752384000407e+00
-4.6838077439998921e-01
2.4789889331200047e+01
-9.2220800000000089e+00
-9.5621778264910873e+00
-9.5621778264910784e+00
-9.5621778264910784e+00
-9.5621778264910766e+00
-9.5621778264910837e+00
-9.5621778264911121e+00
-1.7839198953101769e+00
-1.7839198953101751e+00
-1.7839198953101751e+00
-1.7839198953101751e+00
-1.7839198953101716e+00
6.7011742208049729e-01
6.7011742208049541e-01
6.7011742208049996e-01
6.7011742208048175e-01
3.3077485537398035e+00
3.3077485537397830e+00
3.3077485537397826e+00
-1.2597595555732346e+01
-1.2597595555732386e+01
2.0080573435631254e+02
-7.0000000000000142e+00
-7.0000000000000080e+00
-7.0000000000000098e+00
-7.0000000000000133e+00
-7.0000000000000151e+00
-7.0000000000000249e+00
-1.3059200000000020e+00
-1.3059200000000013e+00
-1.3059200000000013e+00
-1.3059199999999995e+00
-1.3059199999999997e+00
4.9056000000000044e-01
4.9056000000000116e-01
4.9056000000000249e-01
4.9055999999999333e-01
2.4214399999999991e+00
2.4214399999999960e+00
2.4214399999999912e+00
-9.2220799999999876e+00
-9.2220799999999965e+00
1.4700000000000011e+02
