6.5249999999999972e+01
-3.5003906250000001e+00
5.4375000000000706e-01
3.0585937500000770e-01
4.3500000000000130e+00
-3.5003906249999961e+00
5.4374999999999940e-01
3.0585937499999860e-01
4.3500000000000032e+00
5.4374999999999740e-01
3.0585937499999982e-01
4.3500000000000041e+00
3.0585937499999755e-01
4.3500000000000005e+00
4.3500000000000014e+00
-2.0356593967250177e+01
1.0920464472014451e+00
-1.6963828306041909e-01
-9.5421534221487248e-02
-1.3571062644833503e+00
1.0920464472014406e+00
-1.6963828306041842e-01
-9.5421534221484833e-02
-1.3571062644833485e+00
-1.6963828306041676e-01
-9.5421534221484625e-02
-1.3571062644833478e+00
-9.5421534221485915e-02
-1.3571062644833443e+00
-1.3571062644833445e+00
1.2964724826199847e+01
-6.9550346723884571e-01
1.0803937355166754e-01
6.0772147622813598e-02
8.6431498841332677e-01
-6.9550346723884549e-01
1.0803937355166528e-01
6.0772147622811454e-02
8.6431498841332455e-01
1.0803937355166472e-01
6.0772147622812002e-02
8.6431498841332421e-01
6.0772147622810524e-02
8.6431498841332421e-01
8.6431498841332510e-01
-3.5003906249999996e+00
1.2254287719726543e+01
4.0229003906249963e+00
-8.2969665527343006e-01
3.0585937500000876e-01
-1.6130630493164007e+00
-1.4643814086914035e+00
-1.1137847900390675e-01
-1.3008316040039081e+00
2.4320068359375000e+00
5.2330627441406208e-01
-2.0879150390624974e+00
-1.3008316040039043e+00
-7.5070953369140392e-01
4.3499999999999952e+00
1.0920464472014468e+00
-3.8230737083269615e+00
-1.2550582348298174e+00
2.5884747781435641e-01
-9.5421534221486345e-02
5.0324091246756486e-01
4.5685544444323217e-01
3.4747685421800338e-02
4.0583142961646507e-01
-7.5873372696944907e-01
-1.6326028120707264e-01
6.5138450097027878e-01
4.0583142961646546e-01
2.3420519792643299e-01
-1.3571062644833480e+00
-6.9550346723884593e-01
2.4348424249399940e+00
7.9932255276114772e-01
-1.6485500114694907e-01
6.0772147622813799e-02
-3.2050449902985428e-01
-2.9096248282432086e-01
-2.2130135353966560e-02
-2.5846626499823572e-01
4.8322297936194097e-01
1.0397734632340451e-01
-4.1485431328627720e-01
-2.5846626499823422e-01
-1.4916080503776008e-01
8.6431498841332233e-01
5.4375000000000684e-01
4.0229003906249963e+00
1.0535156249999991e+01
4.0229003906249972e+00
5.4375000000000395e-01
2.4320068359375018e+00
-1.1363525390624989e+00
-1.1363525390624991e+00
2.4320068359375022e+00
3.0585937499999971e-01
9.3032226562500020e-01
3.0585937499999927e-01
-2.0879150390625005e+00
-2.0879150390624974e+00
4.3499999999999970e+00
-1.6963828306041795e-01
-1.2550582348298187e+00
-3.2867417342956058e+00
-1.2550582348298138e+00
-1.6963828306042006e-01
-7.5873372696944974e-01
3.5451750561454720e-01
3.5451750561454681e-01
-7.5873372696944963e-01
-9.5421534221486248e-02
-2.9024049992368411e-01
-9.5421534221484583e-02
6.5138450097027845e-01
6.5138450097027845e-01
-1.3571062644833471e+00
1.0803937355166650e-01
7.9932255276114861e-01
2.0932628625635155e+00
7.9932255276114905e-01
1.0803937355166622e-01
4.8322297936194197e-01
-2.2578540957086327e-01
-2.2578540957086282e-01
4.8322297936194092e-01
6.0772147622812168e-02
1.8484861568605268e-01
6.0772147622811079e-02
-4.1485431328627809e-01
-4.1485431328627775e-01
8.6431498841332388e-01
3.0585937500000843e-01
-8.2969665527343128e-01
4.0229003906249998e+00
1.2254287719726548e+01
-3.5003906250000028e+00
-1.3008316040039070e+00
-1.1137847900390618e-01
-1.4643814086914047e+00
-1.6130630493164024e+00
-2.0879150390625001e+00
5.2330627441406286e-01
2.4320068359374978e+00
-7.5070953369140869e-01
-1.3008316040039052e+00
4.3499999999999996e+00
-9.5421534221487234e-02
2.5884747781435519e-01
-1.2550582348298152e+00
-3.8230737083269508e+00
1.0920464472014426e+00
4.0583142961646301e-01
3.4747685421800199e-02
4.5685544444323090e-01
5.0324091246756320e-01
6.5138450097027611e-01
-1.6326028120707217e-01
-7.5873372696944807e-01
2.3420519792643119e-01
4.0583142961646457e-01
-1.3571062644833449e+00
6.0772147622812953e-02
-1.6485500114694907e-01
7.9932255276115005e-01
2.4348424249399976e+00
-6.9550346723884759e-01
-2.5846626499823444e-01
-2.2130135353966778e-02
-2.9096248282432091e-01
-3.2050449902985512e-01
-4.1485431328627764e-01
1.0397734632340483e-01
4.8322297936194003e-01
-1.4916080503776116e-01
-2.5846626499823583e-01
8.6431498841332499e-01
4.3500000000000139e+00
3.0585937500000610e-01
5.4375000000000273e-01
-3.5003906250000045e+00
6.5249999999999986e+01
4.3500000000000059e+00
3.0585937499999644e-01
5.4375000000000129e-01
-3.5003906249999939e+00
4.3500000000000076e+00
3.0585937499999827e-01
5.4374999999999907e-01
4.3500000000000014e+00
3.0585937500000188e-01
4.3499999999999961e+00
-1.3571062644833507e+00
-9.5421534221489537e-02
-1.6963828306042089e-01
1.0920464472014422e+00
-2.0356593967250213e+01
-1.3571062644833469e+00
-9.5421534221483945e-02
-1.6963828306041803e-01
1.0920464472014411e+00
-1.3571062644833478e+00
-9.5421534221485388e-02
-1.6963828306041784e-01
-1.3571062644833449e+00
-9.5421534221484708e-02
-1.3571062644833489e+00
8.6431498841332599e-01
6.0772147622811995e-02
1.0803937355166426e-01
-6.9550346723884804e-01
1.2964724826199841e+01
8.6431498841332510e-01
6.0772147622811294e-02
1.0803937355166604e-01
-6.9550346723884648e-01
8.6431498841332610e-01
6.0772147622810975e-02
1.0803937355166550e-01
8.6431498841332599e-01
6.0772147622813015e-02
8.6431498841332144e-01
-3.5003906249999917e+00
-1.6130630493164066e+00
2.4320068359374973e+00
-1.3008316040039098e+00
4.3500000000000050e+00
1.2254287719726564e+01
-1.4643814086914069e+00
5.2330627441406397e-01
-7.5070953369141025e-01
4.0229003906250043e+00
-1.1137847900390624e-01
-2.0879150390625028e+00
-8.2969665527343472e-01
-1.3008316040039056e+00
3.0585937499999860e-01
1.0920464472014417e+00
5.0324091246756131e-01
-7.5873372696945063e-01
4.0583142961646379e-01
-1.3571062644833491e+00
-3.8230737083269575e+00
4.5685544444323184e-01
-1.6326028120707239e-01
2.3420519792643282e-01
-1.2550582348298169e+00
3.4747685421799915e-02
6.5138450097027778e-01
2.5884747781435768e-01
4.0583142961646407e-01
-9.5421534221486373e-02
-6.9550346723884504e-01
-3.2050449902985428e-01
4.8322297936194092e-01
-2.5846626499823627e-01
8.6431498841332521e-01
2.4348424249400007e+00
-2.9096248282432230e-01
1.0397734632340513e-01
-1.4916080503776216e-01
7.9932255276115183e-01
-2.2130135353966601e-02
-4.1485431328627898e-01
-1.6485500114694973e-01
-2.5846626499823483e-01
6.0772147622811558e-02
5.4374999999999885e-01
-1.4643814086914033e+00
-1.1363525390624984e+00
-1.1137847900390627e-01
3.0585937499999566e-01
-1.4643814086914069e+00
2.1141998291015596e+00
2.0085296630859317e-01
5.2330627441406374e-01
-1.1363525390625000e+00
2.0085296630859348e-01
9.3032226562499964e-01
-1.1137847900390678e-01
5.2330627441406108e-01
3.0585937500000066e-01
-1.6963828306041839e-01
4.5685544444323273e-01
3.5451750561454709e-01
3.4747685421799825e-02
-9.5421534221484638e-02
4.5685544444323134e-01
-6.5958478906743756e-01
-6.2661797429300059e-02
-1.6326028120707300e-01
3.5451750561454703e-01
-6.2661797429299906e-02
-2.9024049992368517e-01
3.4747685421799311e-02
-1.6326028120707262e-01
-9.5421534221484874e-02
1.0803937355166557e-01
-2.9096248282432097e-01
-2.2578540957086285e-01
-2.2130135353966521e-02
6.0772147622810649e-02
-2.9096248282432213e-01
4.2007691972261252e-01
3.9908098677653575e-02
1.0397734632340506e-01
-2.2578540957086352e-01
3.9908098677653756e-02
1.8484861568605249e-01
-2.2130135353967000e-02
1.0397734632340426e-01
6.0772147622812023e-02
3.0585937499999899e-01
-1.1137847900390664e-01
-1.1363525390624998e+00
-1.4643814086914044e+00
5.4375000000000184e-01
5.2330627441406341e-01
2.0085296630859314e-01
2.1141998291015605e+00
-1.4643814086914089e+00
9.3032226562500075e-01
2.0085296630859348e-01
-1.1363525390624996e+00
5.2330627441406286e-01
-1.1137847900390579e-01
3.0585937500000010e-01
-9.5421534221485194e-02
3.4747685421800151e-02
3.5451750561454648e-01
4.5685544444323073e-01
-1.6963828306041820e-01
-1.6326028120707234e-01
-6.2661797429300004e-02
-6.5958478906743634e-01
4.5685544444323106e-01
-2.9024049992368428e-01
-6.2661797429299781e-02
3.5451750561454576e-01
-1.6326028120707242e-01
3.4747685421799283e-02
-9.5421534221484930e-02
6.0772147622811690e-02
-2.2130135353966726e-02
-2.2578540957086310e-01
-2.9096248282432102e-01
1.0803937355166590e-01
1.0397734632340473e-01
3.9908098677653568e-02
4.2007691972261241e-01
-2.9096248282432202e-01
1.8484861568605276e-01
3.9908098677653679e-02
-2.2578540957086293e-01
1.0397734632340476e-01
-2.2130135353966324e-02
6.0772147622811641e-02
4.3500000000000023e+00
-1.3008316040039061e+00
2.4320068359375013e+00
-1.6130630493164064e+00
-3.5003906249999983e+00
-7.5070953369140880e-01
5.2330627441406330e-01
-1.4643814086914073e+00
1.2254287719726566e+01
-2.0879150390625028e+00
-1.1137847900390632e-01
4.0229003906250025e+00
-1.3008316040039092e+00
-8.2969665527343506e-01
3.0585937500000115e-01
-1.3571062644833476e+00
4.0583142961646623e-01
-7.5873372696944830e-01
5.0324091246756397e-01
1.0920464472014406e+00
2.3420519792643302e-01
-1.6326028120707306e-01
4.5685544444323173e-01
-3.8230737083269575e+00
6.5138450097027933e-01
3.4747685421799304e-02
-1.2550582348298138e+00
4.0583142961646501e-01
2.5884747781435952e-01
-9.5421534221485235e-02
8.6431498841332388e-01
-2.5846626499823444e-01
4.8322297936194220e-01
-3.2050449902985478e-01
-6.9550346723884693e-01
-1.4916080503776133e-01
1.0397734632340476e-01
-2.9096248282432186e-01
2.4348424249400007e+00
-4.1485431328627914e-01
-2.2130135353966414e-02
7.9932255276115038e-01
-2.5846626499823638e-01
-1.6485500114695070e-01
6.0772147622812668e-02
5.4374999999999785e-01
2.4320068359374956e+00
3.0585937499999721e-01
-2.0879150390624996e+00
4.3500000000000059e+00
4.0229003906250069e+00
-1.1363525390624998e+00
9.3032226562500031e-01
-2.0879150390625023e+00
1.0535156250000004e+01
-1.1363525390625013e+00
3.0585937500000088e-01
4.0229003906250025e+00
2.4320068359375036e+00
5.4374999999999529e-01
-1.6963828306041678e-01
-7.5873372696945063e-01
-9.5421534221486581e-02
6.5138450097027656e-01
-1.3571062644833465e+00
-1.2550582348298134e+00
3.5451750561454670e-01
-2.9024049992368445e-01
6.5138450097027878e-01
-3.2867417342956058e+00
3.5451750561454543e-01
-9.5421534221483917e-02
-1.2550582348298134e+00
-7.5873372696944774e-01
-1.6963828306041873e-01
1.0803937355166515e-01
4.8322297936193948e-01
6.0772147622810205e-02
-4.1485431328627820e-01
8.6431498841332588e-01
7.9932255276115138e-01
-2.2578540957086315e-01
1.8484861568605257e-01
-4.1485431328627898e-01
2.0932628625635190e+00
-2.2578540957086418e-01
6.0772147622812821e-02
7.9932255276115172e-01
4.8322297936194314e-01
1.0803937355166360e-01
3.0585937499999949e-01
5.2330627441406286e-01
9.3032226562500031e-01
5.2330627441406286e-01
3.0585937499999932e-01
-1.1137847900390625e-01
2.0085296630859342e-01
2.0085296630859362e-01
-1.1137847900390681e-01
-1.1363525390625013e+00
2.1141998291015622e+00
-1.1363525390625013e+00
-1.4643814086914069e+00
-1.4643814086914075e+00
5.4374999999999996e-01
-9.5421534221485499e-02
-1.6326028120707239e-01
-2.9024049992368411e-01
-1.6326028120707195e-01
-9.5421534221484805e-02
3.4747685421799672e-02
-6.2661797429299948e-02
-6.2661797429299698e-02
3.4747685421799054e-02
3.5451750561454587e-01
-6.5958478906743523e-01
3.5451750561454526e-01
4.5685544444323078e-01
4.5685544444322940e-01
-1.6963828306041739e-01
6.0772147622811780e-02
1.0397734632340475e-01
1.8484861568605282e-01
1.0397734632340497e-01
6.0772147622811579e-02
-2.2130135353966584e-02
3.9908098677653658e-02
3.9908098677653700e-02
-2.2130135353966674e-02
-2.2578540957086371e-01
4.2007691972261341e-01
-2.2578540957086382e-01
-2.9096248282432208e-01
-2.9096248282432235e-01
1.0803937355166593e-01
4.3500000000000023e+00
-2.0879150390624970e+00
3.0585937500000043e-01
2.4320068359374951e+00
5.4374999999999574e-01
-2.0879150390625001e+00
9.3032226562499976e-01
-1.1363525390624991e+00
4.0229003906250060e+00
3.0585937499999966e-01
-1.1363525390625004e+00
1.0535156249999995e+01
2.4320068359374991e+00
4.0229003906249989e+00
5.4374999999999873e-01
-1.3571062644833469e+00
6.5138450097027978e-01
-9.5421534221485568e-02
-7.5873372696944918e-01
-1.6963828306041839e-01
6.5138450097027822e-01
-2.9024049992368489e-01
3.5451750561454631e-01
-1.2550582348298145e+00
-9.5421534221484111e-02
3.5451750561454559e-01
-3.2867417342956040e+00
-7.5873372696945063e-01
-1.2550582348298109e+00
-1.6963828306041812e-01
8.6431498841332433e-01
-4.1485431328627709e-01
6.0772147622811794e-02
4.8322297936193981e-01
1.0803937355166407e-01
-4.1485431328627770e-01
1.8484861568605249e-01
-2.2578540957086288e-01
7.9932255276115083e-01
6.0772147622811724e-02
-2.2578540957086349e-01
2.0932628625635159e+00
4.8322297936194009e-01
7.9932255276114994e-01
1.0803937355166542e-01
3.0585937500000066e-01
-1.3008316040039074e+00
-2.0879150390625010e+00
-7.5070953369140603e-01
4.3500000000000005e+00
-8.2969665527343406e-01
-1.1137847900390631e-01
5.2330627441406230e-01
-1.3008316040039070e+00
4.0229003906250052e+00
-1.4643814086914073e+00
2.4320068359375053e+00
1.2254287719726561e+01
-1.6130630493164002e+00
-3.5003906249999992e+00
-9.5421534221484736e-02
4.0583142961646418e-01
6.5138450097027722e-01
2.3420519792643191e-01
-1.3571062644833451e+00
2.5884747781435802e-01
3.4747685421799547e-02
-1.6326028120707248e-01
4.0583142961646490e-01
-1.2550582348298118e+00
4.5685544444322979e-01
-7.5873372696944708e-01
-3.8230737083269513e+00
5.0324091246756464e-01
1.0920464472014397e+00
6.0772147622811738e-02
-2.5846626499823550e-01
-4.1485431328627870e-01
-1.4916080503776066e-01
8.6431498841332455e-01
-1.6485500114694979e-01
-2.2130135353966688e-02
1.0397734632340455e-01
-2.5846626499823544e-01
7.9932255276115216e-01
-2.9096248282432247e-01
4.8322297936194336e-01
2.4348424249400016e+00
-3.2050449902985356e-01
-6.9550346723884782e-01
4.3499999999999961e+00
-7.5070953369140481e-01
-2.0879150390624988e+00
-1.3008316040039074e+00
3.0585937499999882e-01
-1.3008316040039065e+00
5.2330627441406186e-01
-1.1137847900390632e-01
-8.2969665527343395e-01
2.4320068359375009e+00
-1.4643814086914069e+00
4.0229003906249998e+00
-1.6130630493164053e+00
1.2254287719726554e+01
-3.5003906249999952e+00
-1.3571062644833440e+00
2.3420519792643393e-01
6.5138450097027778e-01
4.0583142961646296e-01
-9.5421534221486234e-02
4.0583142961646457e-01
-1.6326028120707259e-01
3.4747685421799103e-02
2.5884747781435852e-01
-7.5873372696944863e-01
4.5685544444322990e-01
-1.2550582348298123e+00
5.0324091246755898e-01
-3.8230737083269464e+00
1.0920464472014406e+00
8.6431498841332355e-01
-1.4916080503776080e-01
-4.1485431328627859e-01
-2.5846626499823572e-01
6.0772147622811717e-02
-2.5846626499823488e-01
1.0397734632340459e-01
-2.2130135353966594e-02
-1.6485500114695054e-01
4.8322297936194120e-01
-2.9096248282432213e-01
7.9932255276114994e-01
-3.2050449902985645e-01
2.4348424249399998e+00
-6.9550346723884626e-01
4.3500000000000050e+00
4.3499999999999961e+00
4.3499999999999979e+00
4.3499999999999996e+00
4.3500000000000023e+00
3.0585937500000032e-01
3.0585937500000021e-01
3.0585937500000004e-01
3.0585937500000088e-01
5.4375000000000062e-01
5.4374999999999818e-01
5.4375000000000184e-01
-3.5003906249999939e+00
-3.5003906249999903e+00
6.5249999999999943e+01
-1.3571062644833478e+00
-1.3571062644833503e+00
-1.3571062644833478e+00
-1.3571062644833460e+00
-1.3571062644833467e+00
-9.5421534221484555e-02
-9.5421534221484722e-02
-9.5421534221484680e-02
-9.5421534221485582e-02
-1.6963828306041651e-01
-1.6963828306041848e-01
-1.6963828306041612e-01
1.0920464472014431e+00
1.0920464472014422e+00
-2.0356593967250184e+01
8.6431498841332344e-01
8.6431498841332299e-01
8.6431498841332399e-01
8.6431498841332433e-01
8.6431498841332499e-01
6.0772147622812744e-02
6.0772147622811565e-02
6.0772147622811620e-02
6.0772147622812148e-02
1.0803937355166626e-01
1.0803937355166525e-01
1.0803937355166557e-01
-6.9550346723884504e-01
-6.9550346723884593e-01
1.2964724826199845e+01
1.1035659396725011e+02
-5.9201714472014393e+00
9.1963828306043183e-01
5.1729653422149535e-01
7.3571062644833676e+00
-5.9201714472014295e+00
9.1963828306041639e-01
5.1729653422148392e-01
7.3571062644833516e+00
9.1963828306041429e-01
5.1729653422148558e-01
7.3571062644833489e+00
5.1729653422147759e-01
7.3571062644833427e+00
7.3571062644833507e+00
7.0312500000000000e+01
-3.7719726562500004e+00
5.8593750000000921e-01
3.2958984375000849e-01
4.6875000000000142e+00
-3.7719726562499938e+00
5.8593749999999956e-01
3.2958984374999906e-01
4.6875000000000071e+00
5.8593749999999734e-01
3.2958984375000011e-01
4.6875000000000071e+00
3.2958984374999556e-01
4.6875000000000018e+00
4.6875000000000053e+00
-2.0356593967250170e+01
1.0920464472014439e+00
-1.6963828306041823e-01
-9.5421534221487636e-02
-1.3571062644833520e+00
1.0920464472014411e+00
-1.6963828306041834e-01
-9.5421534221484555e-02
-1.3571062644833454e+00
-1.6963828306041800e-01
-9.5421534221484014e-02
-1.3571062644833480e+00
-9.5421534221487594e-02
-1.3571062644833460e+00
-1.3571062644833431e+00
-5.9201714472014411e+00
2.0725539528639423e+01
6.8038863598298054e+00
-1.4032566575018466e+00
5.1729653422149857e-01
-2.7281554632488079e+00
-2.4766918702244758e+00
-1.8837317370305032e-01
-2.2000819178977165e+00
4.1132259144694467e+00
8.8506203901957159e-01
-3.5312673134702726e+00
-2.2000819178977107e+00
-1.2696666237076777e+00
7.3571062644833365e+00
-3.7719726562499996e+00
1.3205051422119123e+01
4.3350219726562464e+00
-8.9406967163085183e-01
3.2958984375000905e-01
-1.7382144927978482e+00
-1.5779972076415987e+00
-1.2001991271972674e-01
-1.4017581939697299e+00
2.6206970214843759e+00
5.6390762329101507e-01
-2.2499084472656232e+00
-1.4017581939697243e+00
-8.0895423889159768e-01
4.6874999999999956e+00
1.0920464472014442e+00
-3.8230737083269535e+00
-1.2550582348298165e+00
2.5884747781435602e-01
-9.5421534221486998e-02
5.0324091246756375e-01
4.5685544444323134e-01
3.4747685421800040e-02
4.0583142961646529e-01
-7.5873372696944874e-01
-1.6326028120707278e-01
6.5138450097027900e-01
4.0583142961646479e-01
2.3420519792643385e-01
-1.3571062644833480e+00
9.1963828306043005e-01
6.8038863598298036e+00
1.7817991734295585e+01
6.8038863598298081e+00
9.1963828306042705e-01
4.1132259144694521e+00
-1.9219003181145438e+00
-1.9219003181145444e+00
4.1132259144694521e+00
5.1729653422148281e-01
1.5734436249236849e+00
5.1729653422148314e-01
-3.5312673134702774e+00
-3.5312673134702766e+00
7.3571062644833427e+00
5.8593750000000766e-01
4.3350219726562456e+00
1.1352539062499993e+01
4.3350219726562500e+00
5.8593750000000622e-01
2.6206970214843777e+00
-1.2245178222656234e+00
-1.2245178222656243e+00
2.6206970214843759e+00
3.2958984374999734e-01
1.0025024414062516e+00
3.2958984374999872e-01
-2.2499084472656268e+00
-2.2499084472656259e+00
4.6875000000000027e+00
-1.6963828306041953e-01
-1.2550582348298140e+00
-3.2867417342956009e+00
-1.2550582348298134e+00
-1.6963828306041939e-01
-7.5873372696944741e-01
3.5451750561454587e-01
3.5451750561454615e-01
-7.5873372696944852e-01
-9.5421534221485971e-02
-2.9024049992368367e-01
-9.5421534221485471e-02
6.5138450097027722e-01
6.5138450097027578e-01
-1.3571062644833434e+00
5.1729653422149957e-01
-1.4032566575018472e+00
6.8038863598298134e+00
2.0725539528639430e+01
-5.9201714472014455e+00
-2.2000819178977138e+00
-1.8837317370304973e-01
-2.4766918702244780e+00
-2.7281554632488070e+00
-3.5312673134702752e+00
8.8506203901957281e-01
4.1132259144694450e+00
-1.2696666237076828e+00
-2.2000819178977147e+00
7.3571062644833480e+00
3.2958984375001110e-01
-8.9406967163085382e-01
4.3350219726562500e+00
1.3205051422119128e+01
-3.7719726562500018e+00
-1.4017581939697288e+00
-1.2001991271972573e-01
-1.5779972076416005e+00
-1.7382144927978462e+00
-2.2499084472656263e+00
5.6390762329101607e-01
2.6206970214843772e+00
-8.0895423889160278e-01
-1.4017581939697263e+00
4.6875000000000036e+00
-9.5421534221488816e-02
2.5884747781435730e-01
-1.2550582348298138e+00
-3.8230737083269517e+00
1.0920464472014419e+00
4.0583142961646451e-01
3.4747685421799679e-02
4.5685544444323078e-01
5.0324091246756320e-01
6.5138450097027734e-01
-1.6326028120707217e-01
-7.5873372696944918e-01
2.3420519792643238e-01
4.0583142961646257e-01
-1.3571062644833436e+00
7.3571062644833711e+00
5.1729653422149446e-01
9.1963828306042084e-01
-5.9201714472014535e+00
1.1035659396725019e+02
7.3571062644833534e+00
5.1729653422147981e-01
9.1963828306042072e-01
-5.9201714472014322e+00
7.3571062644833534e+00
5.1729653422148436e-01
9.1963828306041373e-01
7.3571062644833454e+00
5.1729653422148603e-01
7.3571062644833409e+00
4.6875000000000160e+00
3.2958984375000611e-01
5.8593750000000167e-01
-3.7719726562500062e+00
7.0312500000000000e+01
4.6875000000000062e+00
3.2958984374999567e-01
5.8593750000000189e-01
-3.7719726562499960e+00
4.6875000000000062e+00
3.2958984374999900e-01
5.8593749999999656e-01
4.6875000000000027e+00
3.2958984374999917e-01
4.6874999999999982e+00
-1.3571062644833494e+00
-9.5421534221488108e-02
-1.6963828306042031e-01
1.0920464472014426e+00
-2.0356593967250177e+01
-1.3571062644833460e+00
-9.5421534221483875e-02
-1.6963828306041803e-01
1.0920464472014382e+00
-1.3571062644833469e+00
-9.5421534221484708e-02
-1.6963828306041839e-01
-1.3571062644833460e+00
-9.5421534221484638e-02
-1.3571062644833469e+00
-5.9201714472014233e+00
-2.7281554632488172e+00
4.1132259144694396e+00
-2.2000819178977213e+00
7.3571062644833516e+00
2.0725539528639448e+01
-2.4766918702244798e+00
8.8506203901957459e-01
-1.2696666237076861e+00
6.8038863598298169e+00
-1.8837317370304993e-01
-3.5312673134702792e+00
-1.4032566575018555e+00
-2.2000819178977093e+00
5.1729653422148014e-01
-3.7719726562499933e+00
-1.7382144927978522e+00
2.6206970214843732e+00
-1.4017581939697319e+00
4.6875000000000080e+00
1.3205051422119148e+01
-1.5779972076416020e+00
5.6390762329101740e-01
-8.0895423889160578e-01
4.3350219726562562e+00
-1.2001991271972637e-01
-2.2499084472656290e+00
-8.9406967163085838e-01
-1.4017581939697250e+00
3.2958984374999883e-01
1.0920464472014408e+00
5.0324091246756442e-01
-7.5873372696944730e-01
4.0583142961646490e-01
-1.3571062644833456e+00
-3.8230737083269539e+00
4.5685544444323117e-01
-1.6326028120707273e-01
2.3420519792643296e-01
-1.2550582348298136e+00
3.4747685421799721e-02
6.5138450097027878e-01
2.5884747781435785e-01
4.0583142961646468e-01
-9.5421534221485527e-02
9.1963828306041462e-01
-2.4766918702244745e+00
-1.9219003181145426e+00
-1.8837317370304962e-01
5.1729653422147881e-01
-2.4766918702244816e+00
3.5757224843799320e+00
3.3970037164804917e-01
8.8506203901957348e-01
-1.9219003181145451e+00
3.3970037164804950e-01
1.5734436249236829e+00
-1.8837317370305004e-01
8.8506203901956981e-01
5.1729653422148714e-01
5.8593749999999811e-01
-1.5779972076415980e+00
-1.2245178222656230e+00
-1.2001991271972656e-01
3.2958984374999523e-01
-1.5779972076416025e+00
2.2782325744628880e+00
2.1643638610839783e-01
5.6390762329101685e-01
-1.2245178222656250e+00
2.1643638610839810e-01
1.0025024414062496e+00
-1.2001991271972723e-01
5.6390762329101407e-01
3.2958984375000100e-01
-1.6963828306041864e-01
4.5685544444323101e-01
3.5451750561454592e-01
3.4747685421799415e-02
-9.5421534221484028e-02
4.5685544444323062e-01
-6.5958478906743578e-01
-6.2661797429299740e-02
-1.6326028120707306e-01
3.5451750561454620e-01
-6.2661797429299809e-02
-2.9024049992368517e-01
3.4747685421799471e-02
-1.6326028120707270e-01
-9.5421534221484652e-02
5.1729653422148292e-01
-1.8837317370305007e-01
-1.9219003181145449e+00
-2.4766918702244767e+00
9.1963828306042061e-01
8.8506203901957348e-01
3.3970037164804873e-01
3.5757224843799320e+00
-2.4766918702244842e+00
1.5734436249236854e+00
3.3970037164804928e-01
-1.9219003181145442e+00
8.8506203901957325e-01
-1.8837317370304857e-01
5.1729653422148503e-01
3.2958984374999789e-01
-1.2001991271972619e-01
-1.2245178222656246e+00
-1.5779972076416002e+00
5.8593750000000178e-01
5.6390762329101718e-01
2.1643638610839730e-01
2.2782325744628880e+00
-1.5779972076416042e+00
1.0025024414062520e+00
2.1643638610839794e-01
-1.2245178222656252e+00
5.6390762329101662e-01
-1.2001991271972619e-01
3.2958984374999983e-01
-9.5421534221484736e-02
3.4747685421799707e-02
3.5451750561454626e-01
4.5685544444323128e-01
-1.6963828306041853e-01
-1.6326028120707289e-01
-6.2661797429299851e-02
-6.5958478906743656e-01
4.5685544444323134e-01
-2.9024049992368467e-01
-6.2661797429299879e-02
3.5451750561454665e-01
-1.6326028120707256e-01
3.4747685421799859e-02
-9.5421534221485235e-02
7.3571062644833498e+00
-2.2000819178977151e+00
4.1132259144694467e+00
-2.7281554632488154e+00
-5.9201714472014357e+00
-1.2696666237076863e+00
8.8506203901957403e-01
-2.4766918702244811e+00
2.0725539528639452e+01
-3.5312673134702801e+00
-1.8837317370304985e-01
6.8038863598298152e+00
-2.2000819178977187e+00
-1.4032566575018530e+00
5.1729653422148669e-01
4.6875000000000089e+00
-1.4017581939697288e+00
2.6206970214843763e+00
-1.7382144927978507e+00
-3.7719726562499987e+00
-8.0895423889160611e-01
5.6390762329101740e-01
-1.5779972076416025e+00
1.3205051422119146e+01
-2.2499084472656290e+00
-1.2001991271972655e-01
4.3350219726562553e+00
-1.4017581939697308e+00
-8.9406967163085505e-01
3.2958984375000150e-01
-1.3571062644833443e+00
4.0583142961646501e-01
-7.5873372696944852e-01
5.0324091246756286e-01
1.0920464472014393e+00
2.3420519792643266e-01
-1.6326028120707270e-01
4.5685544444323162e-01
-3.8230737083269544e+00
6.5138450097027856e-01
3.4747685421799616e-02
-1.2550582348298138e+00
4.0583142961646373e-01
2.5884747781435846e-01
-9.5421534221484944e-02
9.1963828306041584e-01
4.1132259144694387e+00
5.1729653422148103e-01
-3.5312673134702752e+00
7.3571062644833525e+00
6.8038863598298214e+00
-1.9219003181145449e+00
1.5734436249236843e+00
-3.5312673134702779e+00
1.7817991734295600e+01
-1.9219003181145471e+00
5.1729653422148647e-01
6.8038863598298116e+00
4.1132259144694530e+00
9.1963828306041195e-01
5.8593749999999922e-01
2.6206970214843710e+00
3.2958984374999656e-01
-2.2499084472656259e+00
4.6875000000000053e+00
4.3350219726562589e+00
-1.2245178222656250e+00
1.0025024414062509e+00
-2.2499084472656268e+00
1.1352539062500007e+01
-1.2245178222656277e+00
3.2958984375000061e-01
4.3350219726562544e+00
2.6206970214843803e+00
5.8593749999999734e-01
-1.6963828306041545e-01
-7.5873372696945063e-01
-9.5421534221485541e-02
6.5138450097027811e-01
-1.3571062644833469e+00
-1.2550582348298138e+00
3.5451750561454665e-01
-2.9024049992368472e-01
6.5138450097027900e-01
-3.2867417342956058e+00
3.5451750561454531e-01
-9.5421534221483278e-02
-1.2550582348298147e+00
-7.5873372696944663e-01
-1.6963828306041842e-01
5.1729653422148525e-01
8.8506203901957237e-01
1.5734436249236845e+00
8.8506203901957292e-01
5.1729653422148481e-01
-1.8837317370304954e-01
3.3970037164804961e-01
3.3970037164804950e-01
-1.8837317370304998e-01
-1.9219003181145473e+00
3.5757224843799356e+00
-1.9219003181145464e+00
-2.4766918702244811e+00
-2.4766918702244811e+00
9.1963828306041739e-01
3.2958984375000044e-01
5.6390762329101574e-01
1.0025024414062511e+00
5.6390762329101674e-01
3.2958984374999972e-01
-1.2001991271972708e-01
2.1643638610839838e-01
2.1643638610839816e-01
-1.2001991271972710e-01
-1.2245178222656277e+00
2.2782325744628920e+00
-1.2245178222656266e+00
-1.5779972076416040e+00
-1.5779972076416031e+00
5.8593750000000022e-01
-9.5421534221484944e-02
-1.6326028120707234e-01
-2.9024049992368389e-01
-1.6326028120707195e-01
-9.5421534221485013e-02
3.4747685421799568e-02
-6.2661797429299823e-02
-6.2661797429299920e-02
3.4747685421799734e-02
3.5451750561454565e-01
-6.5958478906743523e-01
3.5451750561454565e-01
4.5685544444323001e-01
4.5685544444322995e-01
-1.6963828306041756e-01
7.3571062644833463e+00
-3.5312673134702703e+00
5.1729653422148680e-01
4.1132259144694396e+00
9.1963828306041229e-01
-3.5312673134702766e+00
1.5734436249236834e+00
-1.9219003181145440e+00
6.8038863598298187e+00
5.1729653422148469e-01
-1.9219003181145458e+00
1.7817991734295585e+01
4.1132259144694441e+00
6.8038863598298098e+00
9.1963828306041850e-01
4.6875000000000053e+00
-2.2499084472656232e+00
3.2958984375000089e-01
2.6206970214843719e+00
5.8593749999999567e-01
-2.2499084472656268e+00
1.0025024414062504e+00
-1.2245178222656246e+00
4.3350219726562562e+00
3.2958984375000039e-01
-1.2245178222656263e+00
1.1352539062499998e+01
2.6206970214843746e+00
4.3350219726562527e+00
5.8593749999999967e-01
-1.3571062644833485e+00
6.5138450097027956e-01
-9.5421534221485513e-02
-7.5873372696945052e-01
-1.6963828306041759e-01
6.5138450097027967e-01
-2.9024049992368511e-01
3.5451750561454698e-01
-1.2550582348298176e+00
-9.5421534221484541e-02
3.5451750561454626e-01
-3.2867417342956098e+00
-7.5873372696945207e-01
-1.2550582348298132e+00
-1.6963828306041623e-01
5.1729653422148336e-01
-2.2000819178977147e+00
-3.5312673134702761e+00
-1.2696666237076792e+00
7.3571062644833463e+00
-1.4032566575018541e+00
-1.8837317370304943e-01
8.8506203901957115e-01
-2.2000819178977129e+00
6.8038863598298143e+00
-2.4766918702244807e+00
4.1132259144694556e+00
2.0725539528639448e+01
-2.7281554632488110e+00
-5.9201714472014384e+00
3.2958984374999795e-01
-1.4017581939697270e+00
-2.2499084472656259e+00
-8.0895423889160067e-01
4.6875000000000009e+00
-8.9406967163085804e-01
-1.2001991271972638e-01
5.6390762329101496e-01
-1.4017581939697261e+00
4.3350219726562544e+00
-1.5779972076416038e+00
2.6206970214843825e+00
1.3205051422119150e+01
-1.7382144927978516e+00
-3.7719726562500013e+00
-9.5421534221485221e-02
4.0583142961646462e-01
6.5138450097027800e-01
2.3420519792643316e-01
-1.3571062644833443e+00
2.5884747781435669e-01
3.4747685421799797e-02
-1.6326028120707287e-01
4.0583142961646490e-01
-1.2550582348298140e+00
4.5685544444323040e-01
-7.5873372696944674e-01
-3.8230737083269513e+00
5.0324091246756308e-01
1.0920464472014411e+00
7.3571062644833347e+00
-1.2696666237076772e+00
-3.5312673134702739e+00
-2.2000819178977151e+00
5.1729653422147892e-01
-2.2000819178977147e+00
8.8506203901957048e-01
-1.8837317370304926e-01
-1.4032566575018550e+00
4.1132259144694476e+00
-2.4766918702244802e+00
6.8038863598298063e+00
-2.7281554632488194e+00
2.0725539528639437e+01
-5.9201714472014340e+00
4.6874999999999991e+00
-8.0895423889159779e-01
-2.2499084472656228e+00
-1.4017581939697281e+00
3.2958984374999634e-01
-1.4017581939697270e+00
5.6390762329101407e-01
-1.2001991271972655e-01
-8.9406967163085616e-01
2.6206970214843786e+00
-1.5779972076416025e+00
4.3350219726562500e+00
-1.7382144927978560e+00
1.3205051422119137e+01
-3.7719726562499969e+00
-1.3571062644833460e+00
2.3420519792643241e-01
6.5138450097027711e-01
4.0583142961646329e-01
-9.5421534221486387e-02
4.0583142961646534e-01
-1.6326028120707267e-01
3.4747685421799818e-02
2.5884747781435619e-01
-7.5873372696944963e-01
4.5685544444323062e-01
-1.2550582348298160e+00
5.0324091246755931e-01
-3.8230737083269499e+00
1.0920464472014397e+00
7.3571062644833551e+00
7.3571062644833418e+00
7.3571062644833436e+00
7.3571062644833463e+00
7.3571062644833551e+00
5.1729653422148991e-01
5.1729653422148481e-01
5.1729653422148547e-01
5.1729653422148492e-01
9.1963828306042117e-01
9.1963828306041528e-01
9.1963828306041873e-01
-5.9201714472014340e+00
-5.9201714472014295e+00
1.1035659396725013e+02
4.6875000000000107e+00
4.6874999999999964e+00
4.6875000000000027e+00
4.6875000000000036e+00
4.6875000000000080e+00
3.2958984375000450e-01
3.2958984374999994e-01
3.2958984375000061e-01
3.2958984374999928e-01
5.8593750000000255e-01
5.8593749999999889e-01
5.8593749999999978e-01
-3.7719726562499973e+00
-3.7719726562499933e+00
7.0312499999999986e+01
-1.3571062644833469e+00
-1.3571062644833471e+00
-1.3571062644833465e+00
-1.3571062644833456e+00
-1.3571062644833425e+00
-9.5421534221483251e-02
-9.5421534221485346e-02
-9.5421534221485055e-02
-9.5421534221485971e-02
-1.6963828306041520e-01
-1.6963828306041831e-01
-1.6963828306041759e-01
1.0920464472014433e+00
1.0920464472014395e+00
-2.0356593967250170e+01
1.1753527517380009e+02
-6.3052777827611468e+00
9.7946062644834897e-01
5.5094660237719717e-01
7.8356850115867003e+00
-6.3052777827611433e+00
9.7946062644833198e-01
5.5094660237718773e-01
7.8356850115866798e+00
9.7946062644832910e-01
5.5094660237719018e-01
7.8356850115866710e+00
5.5094660237717785e-01
7.8356850115866710e+00
7.8356850115866798e+00
1.1035659396725018e+02
-5.9201714472014419e+00
9.1963828306042938e-01
5.1729653422149668e-01
7.3571062644833640e+00
-5.9201714472014393e+00
9.1963828306041717e-01
5.1729653422148436e-01
7.3571062644833534e+00
9.1963828306041118e-01
5.1729653422148580e-01
7.3571062644833498e+00
5.1729653422147881e-01
7.3571062644833454e+00
7.3571062644833498e+00
6.5250000000000014e+01
-3.5003906250000032e+00
5.4375000000000806e-01
3.0585937500000759e-01
4.3500000000000147e+00
-3.5003906249999970e+00
5.4374999999999973e-01
3.0585937499999905e-01
4.3500000000000076e+00
5.4374999999999585e-01
3.0585937500000071e-01
4.3500000000000041e+00
3.0585937499999527e-01
4.3500000000000005e+00
4.3500000000000041e+00
-6.3052777827611539e+00
2.2073733014513106e+01
7.2464782284888472e+00
-1.4945383093999116e+00
5.5094660237720527e-01
-2.9056215996029544e+00
-2.6378003345584871e+00
-2.0062682265384746e-01
-2.3431969430095823e+00
4.3807906925130604e+00
9.4263520250471955e-01
-3.7609757648387157e+00
-2.3431969430095725e+00
-1.3522582623450470e+00
7.8356850115866719e+00
-5.9201714472014455e+00
2.0725539528639437e+01
6.8038863598298116e+00
-1.4032566575018470e+00
5.1729653422150179e-01
-2.7281554632488105e+00
-2.4766918702244776e+00
-1.8837317370305051e-01
-2.2000819178977222e+00
4.1132259144694530e+00
8.8506203901957192e-01
-3.5312673134702752e+00
-2.2000819178977102e+00
-1.2696666237076775e+00
7.3571062644833454e+00
-3.5003906250000023e+00
1.2254287719726557e+01
4.0229003906250007e+00
-8.2969665527343184e-01
3.0585937500000882e-01
-1.6130630493164053e+00
-1.4643814086914051e+00
-1.1137847900390692e-01
-1.3008316040039105e+00
2.4320068359375022e+00
5.2330627441406230e-01
-2.0879150390624996e+00
-1.3008316040039054e+00
-7.5070953369140447e-01
4.3500000000000032e+00
9.7946062644834864e-01
7.2464782284888418e+00
1.8977049637436473e+01
7.2464782284888454e+00
9.7946062644834386e-01
4.3807906925130631e+00
-2.0469196685541347e+00
-2.0469196685541360e+00
4.3807906925130649e+00
5.5094660237718562e-01
1.6757959155639477e+00
5.5094660237718618e-01
-3.7609757648387210e+00
-3.7609757648387205e+00
7.8356850115866701e+00
9.1963828306042872e-01
6.8038863598298116e+00
1.7817991734295600e+01
6.8038863598298134e+00
9.1963828306042772e-01
4.1132259144694530e+00
-1.9219003181145449e+00
-1.9219003181145453e+00
4.1132259144694503e+00
5.1729653422148447e-01
1.5734436249236854e+00
5.1729653422148225e-01
-3.5312673134702779e+00
-3.5312673134702779e+00
7.3571062644833454e+00
5.4375000000000384e-01
4.0229003906250034e+00
1.0535156250000002e+01
4.0229003906250025e+00
5.4375000000000551e-01
2.4320068359375058e+00
-1.1363525390625009e+00
-1.1363525390625000e+00
2.4320068359375018e+00
3.0585937500000099e-01
9.3032226562500087e-01
3.0585937499999755e-01
-2.0879150390625019e+00
-2.0879150390625019e+00
4.3500000000000041e+00
5.5094660237720361e-01
-1.4945383093999141e+00
7.2464782284888507e+00
2.2073733014513110e+01
-6.3052777827611601e+00
-2.3431969430095805e+00
-2.0062682265384568e-01
-2.6378003345584875e+00
-2.9056215996029557e+00
-3.7609757648387201e+00
9.4263520250472099e-01
4.3807906925130524e+00
-1.3522582623450532e+00
-2.3431969430095765e+00
7.8356850115866781e+00
5.1729653422150124e-01
-1.4032566575018512e+00
6.8038863598298116e+00
2.0725539528639441e+01
-5.9201714472014482e+00
-2.2000819178977209e+00
-1.8837317370304807e-01
-2.4766918702244789e+00
-2.7281554632488119e+00
-3.5312673134702810e+00
8.8506203901957348e-01
4.1132259144694485e+00
-1.2696666237076846e+00
-2.2000819178977129e+00
7.3571062644833480e+00
3.0585937500000865e-01
-8.2969665527343217e-01
4.0229003906250043e+00
1.2254287719726562e+01
-3.5003906250000072e+00
-1.3008316040039078e+00
-1.1137847900390650e-01
-1.4643814086914055e+00
-1.6130630493164058e+00
-2.0879150390625005e+00
5.2330627441406319e-01
2.4320068359374996e+00
-7.5070953369140769e-01
-1.3008316040039078e+00
4.3500000000000059e+00
7.8356850115867074e+00
5.5094660237719872e-01
9.7946062644834364e-01
-6.3052777827611637e+00
1.1753527517380023e+02
7.8356850115866914e+00
5.5094660237718274e-01
9.7946062644833676e-01
-6.3052777827611477e+00
7.8356850115866878e+00
5.5094660237718807e-01
9.7946062644833132e-01
7.8356850115866772e+00
5.5094660237718940e-01
7.8356850115866781e+00
7.3571062644833711e+00
5.1729653422149791e-01
9.1963828306042839e-01
-5.9201714472014491e+00
1.1035659396725023e+02
7.3571062644833640e+00
5.1729653422147881e-01
9.1963828306042061e-01
-5.9201714472014384e+00
7.3571062644833622e+00
5.1729653422148436e-01
9.1963828306041462e-01
7.3571062644833480e+00
5.1729653422148547e-01
7.3571062644833489e+00
4.3500000000000183e+00
3.0585937500000676e-01
5.4375000000000229e-01
-3.5003906250000090e+00
6.5250000000000071e+01
4.3500000000000103e+00
3.0585937499999705e-01
5.4375000000000229e-01
-3.5003906250000010e+00
4.3500000000000130e+00
3.0585937499999860e-01
5.4374999999999873e-01
4.3500000000000068e+00
3.0585937500000293e-01
4.3500000000000014e+00
-6.3052777827611344e+00
-2.9056215996029704e+00
4.3807906925130524e+00
-2.3431969430095827e+00
7.8356850115866861e+00
2.2073733014513135e+01
-2.6378003345584906e+00
9.4263520250472188e-01
-1.3522582623450543e+00
7.2464782284888525e+00
-2.0062682265384679e-01
-3.7609757648387214e+00
-1.4945383093999220e+00
-2.3431969430095738e+00
5.5094660237718196e-01
-5.9201714472014322e+00
-2.7281554632488172e+00
4.1132259144694467e+00
-2.2000819178977222e+00
7.3571062644833596e+00
2.0725539528639473e+01
-2.4766918702244838e+00
8.8506203901957492e-01
-1.2696666237076886e+00
6.8038863598298249e+00
-1.8837317370304987e-01
-3.5312673134702837e+00
-1.4032566575018570e+00
-2.2000819178977133e+00
5.1729653422148447e-01
-3.5003906249999970e+00
-1.6130630493164060e+00
2.4320068359375000e+00
-1.3008316040039118e+00
4.3500000000000112e+00
1.2254287719726575e+01
-1.4643814086914084e+00
5.2330627441406441e-01
-7.5070953369141147e-01
4.0229003906250114e+00
-1.1137847900390715e-01
-2.0879150390625032e+00
-8.2969665527343395e-01
-1.3008316040039045e+00
3.0585937499999905e-01
9.7946062644833110e-01
-2.6378003345584862e+00
-2.0469196685541351e+00
-2.0062682265384635e-01
5.5094660237718107e-01
-2.6378003345584928e+00
3.8083227384805087e+00
3.6179783393953319e-01
9.4263520250472221e-01
-2.0469196685541369e+00
3.6179783393953346e-01
1.6757959155639466e+00
-2.0062682265384707e-01
9.4263520250471788e-01
5.5094660237719084e-01
9.1963828306041684e-01
-2.4766918702244789e+00
-1.9219003181145446e+00
-1.8837317370304932e-01
5.1729653422147737e-01
-2.4766918702244833e+00
3.5757224843799342e+00
3.3970037164804923e-01
8.8506203901957570e-01
-1.9219003181145482e+00
3.3970037164804961e-01
1.5734436249236854e+00
-1.8837317370305107e-01
8.8506203901957048e-01
5.1729653422148658e-01
5.4374999999999973e-01
-1.4643814086914064e+00
-1.1363525390625002e+00
-1.1137847900390629e-01
3.0585937499999583e-01
-1.4643814086914091e+00
2.1141998291015627e+00
2.0085296630859339e-01
5.2330627441406463e-01
-1.1363525390625024e+00
2.0085296630859381e-01
9.3032226562500087e-01
-1.1137847900390729e-01
5.2330627441406163e-01
3.0585937500000077e-01
5.5094660237718707e-01
-2.0062682265384724e-01
-2.0469196685541364e+00
-2.6378003345584866e+00
9.7946062644833742e-01
9.4263520250472177e-01
3.6179783393953302e-01
3.8083227384805096e+00
-2.6378003345584959e+00
1.6757959155639481e+00
3.6179783393953352e-01
-2.0469196685541342e+00
9.4263520250472133e-01
-2.0062682265384513e-01
5.5094660237718973e-01
5.1729653422148303e-01
-1.8837317370304990e-01
-1.9219003181145453e+00
-2.4766918702244785e+00
9.1963828306042172e-01
8.8506203901957547e-01
3.3970037164804873e-01
3.5757224843799347e+00
-2.4766918702244860e+00
1.5734436249236872e+00
3.3970037164804956e-01
-1.9219003181145455e+00
8.8506203901957403e-01
-1.8837317370304907e-01
5.1729653422148614e-01
3.0585937499999949e-01
-1.1137847900390709e-01
-1.1363525390625000e+00
-1.4643814086914051e+00
5.4375000000000207e-01
5.2330627441406397e-01
2.0085296630859314e-01
2.1141998291015618e+00
-1.4643814086914091e+00
9.3032226562500153e-01
2.0085296630859345e-01
-1.1363525390624993e+00
5.2330627441406352e-01
-1.1137847900390549e-01
3.0585937499999977e-01
7.8356850115866816e+00
-2.3431969430095791e+00
4.3807906925130595e+00
-2.9056215996029651e+00
-6.3052777827611557e+00
-1.3522582623450563e+00
9.4263520250472177e-01
-2.6378003345584933e+00
2.2073733014513145e+01
-3.7609757648387254e+00
-2.0062682265384676e-01
7.2464782284888507e+00
-2.3431969430095787e+00
-1.4945383093999245e+00
5.5094660237718818e-01
7.3571062644833569e+00
-2.2000819178977165e+00
4.1132259144694512e+00
-2.7281554632488176e+00
-5.9201714472014446e+00
-1.2696666237076886e+00
8.8506203901957481e-01
-2.4766918702244838e+00
2.0725539528639477e+01
-3.5312673134702854e+00
-1.8837317370304987e-01
6.8038863598298196e+00
-2.2000819178977187e+00
-1.4032566575018584e+00
5.1729653422148603e-01
4.3500000000000068e+00
-1.3008316040039072e+00
2.4320068359375040e+00
-1.6130630493164084e+00
-3.5003906250000036e+00
-7.5070953369140969e-01
5.2330627441406374e-01
-1.4643814086914091e+00
1.2254287719726582e+01
-2.0879150390625059e+00
-1.1137847900390599e-01
4.0229003906250043e+00
-1.3008316040039112e+00
-8.2969665527343883e-01
3.0585937500000221e-01
9.7946062644832987e-01
4.3807906925130533e+00
5.5094660237718573e-01
-3.7609757648387196e+00
7.8356850115866878e+00
7.2464782284888622e+00
-2.0469196685541373e+00
1.6757959155639475e+00
-3.7609757648387268e+00
1.8977049637436487e+01
-2.0469196685541382e+00
5.5094660237718895e-01
7.2464782284888516e+00
4.3807906925130640e+00
9.7946062644832566e-01
9.1963828306041218e-01
4.1132259144694476e+00
5.1729653422148236e-01
-3.5312673134702792e+00
7.3571062644833605e+00
6.8038863598298294e+00
-1.9219003181145475e+00
1.5734436249236856e+00
-3.5312673134702859e+00
1.7817991734295621e+01
-1.9219003181145498e+00
5.1729653422148458e-01
6.8038863598298231e+00
4.1132259144694556e+00
9.1963828306041440e-01
5.4374999999999662e-01
2.4320068359374991e+00
3.0585937499999721e-01
-2.0879150390625010e+00
4.3500000000000094e+00
4.0229003906250087e+00
-1.1363525390625011e+00
9.3032226562500098e-01
-2.0879150390625063e+00
1.0535156250000011e+01
-1.1363525390625024e+00
3.0585937500000043e-01
4.0229003906250069e+00
2.4320068359375053e+00
5.4374999999999618e-01
5.5094660237718884e-01
9.4263520250472044e-01
1.6757959155639486e+00
9.4263520250472121e-01
5.5094660237718829e-01
-2.0062682265384565e-01
3.6179783393953346e-01
3.6179783393953352e-01
-2.0062682265384590e-01
-2.0469196685541382e+00
3.8083227384805123e+00
-2.0469196685541373e+00
-2.6378003345584915e+00
-2.6378003345584919e+00
9.7946062644833420e-01
5.1729653422148603e-01
8.8506203901957270e-01
1.5734436249236856e+00
8.8506203901957370e-01
5.1729653422148469e-01
-1.8837317370305112e-01
3.3970037164805000e-01
3.3970037164804989e-01
-1.8837317370305026e-01
-1.9219003181145502e+00
3.5757224843799387e+00
-1.9219003181145482e+00
-2.4766918702244838e+00
-2.4766918702244829e+00
9.1963828306041817e-01
3.0585937500000049e-01
5.2330627441406330e-01
9.3032226562500142e-01
5.2330627441406286e-01
3.0585937499999966e-01
-1.1137847900390646e-01
2.0085296630859362e-01
2.0085296630859348e-01
-1.1137847900390591e-01
-1.1363525390625018e+00
2.1141998291015636e+00
-1.1363525390625011e+00
-1.4643814086914080e+00
-1.4643814086914078e+00
5.4375000000000051e-01
7.8356850115866754e+00
-3.7609757648387139e+00
5.5094660237718884e-01
4.3807906925130489e+00
9.7946062644832810e-01
-3.7609757648387223e+00
1.6757959155639464e+00
-2.0469196685541342e+00
7.2464782284888560e+00
5.5094660237718784e-01
-2.0469196685541364e+00
1.8977049637436465e+01
4.3807906925130560e+00
7.2464782284888445e+00
9.7946062644833221e-01
7.3571062644833507e+00
-3.5312673134702735e+00
5.1729653422148592e-01
4.1132259144694441e+00
9.1963828306041107e-01
-3.5312673134702810e+00
1.5734436249236847e+00
-1.9219003181145451e+00
6.8038863598298240e+00
5.1729653422148703e-01
-1.9219003181145478e+00
1.7817991734295603e+01
4.1132259144694512e+00
6.8038863598298134e+00
9.1963828306041595e-01
4.3500000000000032e+00
-2.0879150390624983e+00
3.0585937500000049e-01
2.4320068359374973e+00
5.4374999999999651e-01
-2.0879150390625010e+00
9.3032226562500031e-01
-1.1363525390624993e+00
4.0229003906250052e+00
3.0585937499999838e-01
-1.1363525390625002e+00
1.0535156249999998e+01
2.4320068359375000e+00
4.0229003906249989e+00
5.4375000000000018e-01
5.5094660237718673e-01
-2.3431969430095769e+00
-3.7609757648387210e+00
-1.3522582623450499e+00
7.8356850115866825e+00
-1.4945383093999216e+00
-2.0062682265384596e-01
9.4263520250472022e-01
-2.3431969430095796e+00
7.2464782284888560e+00
-2.6378003345584915e+00
4.3807906925130666e+00
2.2073733014513127e+01
-2.9056215996029557e+00
-6.3052777827611504e+00
5.1729653422148425e-01
-2.2000819178977142e+00
-3.5312673134702779e+00
-1.2696666237076821e+00
7.3571062644833516e+00
-1.4032566575018548e+00
-1.8837317370304973e-01
8.8506203901957214e-01
-2.2000819178977160e+00
6.8038863598298249e+00
-2.4766918702244833e+00
4.1132259144694601e+00
2.0725539528639466e+01
-2.7281554632488105e+00
-5.9201714472014419e+00
3.0585937499999999e-01
-1.3008316040039090e+00
-2.0879150390625032e+00
-7.5070953369140603e-01
4.3500000000000068e+00
-8.2969665527343639e-01
-1.1137847900390609e-01
5.2330627441406252e-01
-1.3008316040039081e+00
4.0229003906250060e+00
-1.4643814086914082e+00
2.4320068359375080e+00
1.2254287719726573e+01
-1.6130630493164035e+00
-3.5003906250000028e+00
7.8356850115866621e+00
-1.3522582623450423e+00
-3.7609757648387188e+00
-2.3431969430095809e+00
5.5094660237718018e-01
-2.3431969430095778e+00
9.4263520250471744e-01
-2.0062682265384529e-01
-1.4945383093999247e+00
4.3807906925130569e+00
-2.6378003345584897e+00
7.2464782284888374e+00
-2.9056215996029682e+00
2.2073733014513110e+01
-6.3052777827611468e+00
7.3571062644833365e+00
-1.2696666237076772e+00
-3.5312673134702766e+00
-2.2000819178977178e+00
5.1729653422148381e-01
-2.2000819178977098e+00
8.8506203901956959e-01
-1.8837317370304921e-01
-1.4032566575018577e+00
4.1132259144694556e+00
-2.4766918702244820e+00
6.8038863598298081e+00
-2.7281554632488176e+00
2.0725539528639445e+01
-5.9201714472014366e+00
4.3499999999999952e+00
-7.5070953369140503e-01
-2.0879150390625001e+00
-1.3008316040039081e+00
3.0585937499999855e-01
-1.3008316040039072e+00
5.2330627441406208e-01
-1.1137847900390574e-01
-8.2969665527343817e-01
2.4320068359375009e+00
-1.4643814086914064e+00
4.0229003906249980e+00
-1.6130630493164089e+00
1.2254287719726559e+01
-3.5003906249999983e+00
7.8356850115866896e+00
7.8356850115866745e+00
7.8356850115866754e+00
7.8356850115866781e+00
7.8356850115866905e+00
5.5094660237719029e-01
5.5094660237718884e-01
5.5094660237718907e-01
5.5094660237718762e-01
9.7946062644833820e-01
9.7946062644833076e-01
9.7946062644833554e-01
-6.3052777827611441e+00
-6.3052777827611406e+00
1.1753527517380013e+02
7.3571062644833551e+00
7.3571062644833471e+00
7.3571062644833454e+00
7.3571062644833525e+00
7.3571062644833543e+00
5.1729653422148825e-01
5.1729653422148580e-01
5.1729653422148647e-01
5.1729653422148436e-01
9.1963828306041995e-01
9.1963828306041651e-01
9.1963828306041717e-01
-5.9201714472014393e+00
-5.9201714472014340e+00
1.1035659396725019e+02
4.3500000000000076e+00
4.3500000000000041e+00
4.3500000000000041e+00
4.3500000000000050e+00
4.3500000000000094e+00
3.0585937500000282e-01
3.0585937499999927e-01
3.0585937499999960e-01
3.0585937500000099e-01
5.4375000000000251e-01
5.4374999999999929e-01
5.4374999999999929e-01
-3.5003906249999988e+00
-3.5003906249999992e+00
6.5250000000000028e+01
