1.5267881254572666e+00
-8.1363244948692715e-01
4.0076152031165052e-01
-1.1391719628198993e-01
3.4785484513745418e-01
6.5214515486254632e-01
6.5214515486254598e-01
3.4785484513745413e-01
1.0000000000000000e+00
0.0000000000000000e+00
0.0000000000000000e+00
-2.7755575615628914e-17
5.5511151231257827e-17
1.0000000000000000e+00
5.5511151231257827e-17
-2.7755575615628914e-17
-2.7755575615628914e-17
-5.5511151231257827e-17
1.0000000000000000e+00
5.5511151231257827e-17
-2.7755575615628914e-17
-5.5511151231257827e-17
0.0000000000000000e+00
1.0000000000000000e+00
