1.4788305577012366e+00
-6.6666666666666718e-01
1.8783610896543063e-01
5.5555555555555580e-01
8.8888888888888851e-01
5.5555555555555580e-01
1.0000000000000000e+00
-4.9787676376905536e-17
1.7541079118314683e-17
5.0719522173212423e-18
1.0000000000000000e+00
-7.3690664762034708e-17
4.4257556905339651e-17
-7.3809595670403059e-17
1.0000000000000000e+00
1.2288305577012364e+00
-3.1216389103456993e-01
8.3333333333333398e-02
5.3108194551728483e-01
5.8333333333333315e-01
-1.1441527885061804e-01
8.3333333333333356e-02
9.7883055770123617e-01
-6.2163891034569478e-02
-6.2163891034569561e-02
9.7883055770123628e-01
8.3333333333333329e-02
-1.1441527885061811e-01
5.8333333333333348e-01
5.3108194551728460e-01
8.3333333333333343e-02
-3.1216389103456937e-01
1.2288305577012359e+00
