1.0229276895943561e-02
5.6437389770723143e-03
-2.8218694885361597e-03
-7.6789329108507129e-18
-9.5238095238095466e-04
5.6437389770723064e-03
5.6437389770723143e-03
-5.6437389770723195e-03
-3.9506172839506191e-03
-2.8218694885361519e-03
-5.6437389770723091e-03
-4.2328042328042427e-04
-2.0953920945628804e-19
-3.9506172839506200e-03
-9.5238095238095205e-04
5.6437389770723143e-03
9.0299823633157014e-02
-4.5149911816578535e-02
2.7089947089947098e-02
-5.3087321263619884e-18
4.5149911816578514e-02
4.5149911816578472e-02
9.0299823633157323e-03
1.8059964726631426e-02
-3.3862433862433899e-02
-9.0299823633156907e-03
2.2574955908289040e-03
1.8059964726631413e-02
9.0299823633157184e-03
-3.9506172839506191e-03
-2.8218694885361584e-03
-4.5149911816578549e-02
1.1174603174603183e-01
-4.5149911816578549e-02
-2.8218694885361580e-03
-3.3862433862433913e-02
1.3544973544973559e-02
1.3544973544973533e-02
-3.3862433862433913e-02
1.6931216931217249e-03
-2.7089947089947112e-02
1.6931216931217194e-03
2.2574955908289027e-03
2.2574955908289036e-03
-4.2328042328042303e-04
-8.2047997835428119e-18
2.7089947089947108e-02
-4.5149911816578556e-02
9.0299823633157042e-02
5.6437389770723134e-03
1.8059964726631423e-02
9.0299823633156941e-03
4.5149911816578535e-02
4.5149911816578535e-02
2.2574955908288940e-03
-9.0299823633156837e-03
-3.3862433862433906e-02
9.0299823633157254e-03
1.8059964726631426e-02
-3.9506172839506200e-03
-9.5238095238095466e-04
-6.0807131624599686e-18
-2.8218694885361576e-03
5.6437389770723134e-03
1.0229276895943556e-02
-3.9506172839506165e-03
-5.6437389770723021e-03
5.6437389770723082e-03
5.6437389770723038e-03
-4.2328042328042346e-04
-5.6437389770723064e-03
-2.8218694885361532e-03
-3.9506172839506156e-03
-3.8416251593611138e-19
-9.5238095238095205e-04
5.6437389770723047e-03
4.5149911816578521e-02
-3.3862433862433899e-02
1.8059964726631426e-02
-3.9506172839506156e-03
9.0299823633156973e-02
4.5149911816578507e-02
-9.0299823633156872e-03
9.0299823633157340e-03
-4.5149911816578514e-02
9.0299823633157045e-03
2.2574955908288962e-03
2.7089947089947108e-02
1.8059964726631426e-02
-1.9618701576283348e-18
5.6437389770723160e-03
4.5149911816578493e-02
1.3544973544973559e-02
9.0299823633156924e-03
-5.6437389770723021e-03
4.5149911816578500e-02
3.7925925925925935e-01
-5.4179894179894196e-02
-9.0299823633157080e-03
1.3544973544973533e-02
-5.4179894179894182e-02
-2.7089947089947129e-02
9.0299823633157150e-03
-9.0299823633156733e-03
-5.6437389770723134e-03
-5.6437389770723203e-03
9.0299823633157236e-03
1.3544973544973532e-02
4.5149911816578535e-02
5.6437389770723073e-03
-9.0299823633156907e-03
-5.4179894179894189e-02
3.7925925925925952e-01
4.5149911816578563e-02
-2.7089947089947115e-02
-5.4179894179894189e-02
1.3544973544973518e-02
-9.0299823633156768e-03
9.0299823633157219e-03
-5.6437389770723169e-03
-3.9506172839506182e-03
1.8059964726631430e-02
-3.3862433862433906e-02
4.5149911816578535e-02
5.6437389770723047e-03
9.0299823633157358e-03
-9.0299823633157028e-03
4.5149911816578563e-02
9.0299823633156986e-02
2.2574955908288893e-03
9.0299823633157097e-03
-4.5149911816578521e-02
1.8059964726631433e-02
2.7089947089947122e-02
-2.4852517127874037e-18
-2.8218694885361511e-03
-3.3862433862433892e-02
1.6931216931217227e-03
2.2574955908288927e-03
-4.2328042328042270e-04
-4.5149911816578514e-02
1.3544973544973528e-02
-2.7089947089947112e-02
2.2574955908288841e-03
1.1174603174603173e-01
1.3544973544973542e-02
1.6931216931217340e-03
-4.5149911816578507e-02
-3.3862433862433906e-02
-2.8218694885361511e-03
-5.6437389770723108e-03
-9.0299823633156907e-03
-2.7089947089947112e-02
-9.0299823633156820e-03
-5.6437389770723064e-03
9.0299823633157028e-03
-5.4179894179894189e-02
-5.4179894179894196e-02
9.0299823633157097e-03
1.3544973544973554e-02
3.7925925925925935e-01
1.3544973544973540e-02
4.5149911816578493e-02
4.5149911816578514e-02
5.6437389770723151e-03
-4.2328042328042444e-04
2.2574955908289010e-03
1.6931216931217166e-03
-3.3862433862433906e-02
-2.8218694885361537e-03
2.2574955908288914e-03
-2.7089947089947129e-02
1.3544973544973509e-02
-4.5149911816578535e-02
1.6931216931217301e-03
1.3544973544973549e-02
1.1174603174603180e-01
-3.3862433862433913e-02
-4.5149911816578535e-02
-2.8218694885361519e-03
-3.3206606570416392e-19
1.8059964726631416e-02
2.2574955908289092e-03
9.0299823633157254e-03
-3.9506172839506139e-03
2.7089947089947105e-02
9.0299823633157115e-03
-9.0299823633156716e-03
1.8059964726631433e-02
-4.5149911816578507e-02
4.5149911816578486e-02
-3.3862433862433920e-02
9.0299823633156986e-02
4.5149911816578528e-02
5.6437389770723064e-03
-3.9506172839506174e-03
9.0299823633157236e-03
2.2574955908289023e-03
1.8059964726631433e-02
4.2139306798044070e-20
1.8059964726631433e-02
-9.0299823633156751e-03
9.0299823633157254e-03
2.7089947089947129e-02
-3.3862433862433906e-02
4.5149911816578514e-02
-4.5149911816578542e-02
4.5149911816578528e-02
9.0299823633157042e-02
5.6437389770723073e-03
-9.5238095238095260e-04
-3.9506172839506208e-03
-4.2328042328042254e-04
-3.9506172839506208e-03
-9.5238095238095227e-04
-1.9891749423632951e-18
-5.6437389770723125e-03
-5.6437389770723169e-03
-2.1764356314356020e-18
-2.8218694885361502e-03
5.6437389770723151e-03
-2.8218694885361519e-03
5.6437389770723056e-03
5.6437389770723064e-03
1.0229276895943561e-02
-4.1666666666666652e+00
7.9999999999999956e+00
-5.9999999999999964e+00
2.6666666666666652e+00
-4.9999999999999933e-01
-3.0780767621911618e-16
1.0340648751265948e-15
-4.9814754002609302e-16
-2.2810965888138566e-16
-3.6329204930849327e-16
5.2583897229498005e-16
-1.6254692298648678e-16
8.5239102761448688e-17
-8.5239102761448713e-17
2.4651903288156619e-32
-4.9999999999999994e-01
-1.6666666666666667e+00
2.9999999999999996e+00
-9.9999999999999956e-01
1.6666666666666663e-01
8.1990709762807790e-17
-2.6843785269213484e-16
4.8443883007190559e-17
1.3800325992213647e-16
9.0190967568145592e-17
-1.0510251276553873e-16
1.4911545197393106e-17
-3.1964663535543286e-17
3.1964663535543298e-17
1.8488927466117464e-32
1.6666666666666644e-01
-1.3333333333333326e+00
-2.8962365739223582e-16
1.3333333333333330e+00
-1.6666666666666652e-01
7.8797696931417324e-17
8.6886499990622275e-17
-8.6886499990622238e-17
-7.8797696931417374e-17
-5.0186281580501627e-17
0.0000000000000000e+00
5.0186281580501651e-17
4.2619551380724375e-17
-4.2619551380724394e-17
3.0814879110195774e-33
-1.6666666666666630e-01
9.9999999999999989e-01
-3.0000000000000000e+00
1.6666666666666665e+00
5.0000000000000011e-01
-4.6525191659488943e-17
3.2368109377461543e-16
-1.0368712408967115e-16
-1.7346877802545535e-16
-1.1528410835839645e-16
1.0510251276553873e-16
1.0181595592857697e-17
5.3274439225905470e-17
-5.3274439225905483e-17
3.6977854932234928e-32
4.9999999999999967e-01
-2.6666666666666670e+00
5.9999999999999982e+00
-7.9999999999999956e+00
4.1666666666666652e+00
-2.3116432956112493e-17
-1.3344109107404055e-15
7.9849357563990349e-16
5.5903376805661458e-16
5.6403717563049985e-16
-5.2583897229498005e-16
-3.8198203335519865e-17
-2.5571730828434619e-16
2.5571730828434629e-16
-4.9303806576313238e-32
-5.0000000000000244e-01
1.9999999999999998e+00
-2.9999999999999982e+00
1.9999999999999978e+00
-4.9999999999999933e-01
-3.6666666666666652e+00
5.9999999999999964e+00
-2.9999999999999969e+00
6.6666666666666607e-01
-2.2204460492503131e-16
-4.4408920985006262e-16
8.3266726846886741e-17
-8.8774935769631900e-17
4.8109664400423457e-16
0.0000000000000000e+00
1.6666666666666630e-01
-6.6666666666666641e-01
9.9999999999999956e-01
-6.6666666666666630e-01
1.6666666666666671e-01
-6.6666666666666630e-01
-1.0000000000000004e+00
2.0000000000000000e+00
-3.3333333333333326e-01
-5.5511151231257827e-17
0.0000000000000000e+00
8.3266726846886728e-17
2.5636839044987806e-16
-1.8503717077085943e-16
-5.5511151231257827e-17
-1.6666666666666680e-01
6.6666666666666641e-01
-9.9999999999999967e-01
6.6666666666666641e-01
-1.6666666666666652e-01
3.3333333333333348e-01
-2.0000000000000004e+00
1.0000000000000009e+00
6.6666666666666607e-01
3.8857805861880479e-16
0.0000000000000000e+00
-2.4980018054066027e-16
-7.2673043993681253e-17
3.7007434154171950e-17
-4.1633363423443370e-17
5.0000000000000089e-01
-1.9999999999999991e+00
2.9999999999999991e+00
-2.0000000000000000e+00
4.9999999999999911e-01
-6.6666666666666696e-01
2.9999999999999982e+00
-5.9999999999999964e+00
3.6666666666666652e+00
5.5511151231257827e-16
-8.8817841970012523e-16
3.0531133177191800e-16
-4.0976542432521586e-16
4.8109664400423467e-16
-2.7755575615628914e-17
1.6666666666666696e-01
4.5651980594571949e-16
-9.9999999999999956e-01
1.3333333333333324e+00
-5.0000000000000011e-01
-1.3333333333333330e+00
3.9999999999999982e+00
-3.9999999999999982e+00
1.3333333333333326e+00
-2.9999999999999991e+00
3.9999999999999991e+00
-9.9999999999999911e-01
-2.7995758145742462e-16
-1.4802973661668746e-16
0.0000000000000000e+00
-1.6666666666666680e-01
3.3333333333333315e-01
-3.8857805861880479e-16
-3.3333333333333287e-01
1.6666666666666685e-01
6.6666666666666663e-01
-1.9999999999999998e+00
1.9999999999999996e+00
-6.6666666666666663e-01
-9.9999999999999989e-01
2.2204460492503131e-16
1.0000000000000000e+00
-1.1351806887304763e-16
-1.4802973661668756e-16
1.6653345369377348e-16
4.9999999999999928e-01
-1.3333333333333326e+00
1.0000000000000004e+00
-1.4802973661668743e-15
-1.6666666666666619e-01
-1.3333333333333326e+00
3.9999999999999978e+00
-3.9999999999999969e+00
1.3333333333333319e+00
9.9999999999999944e-01
-3.9999999999999996e+00
2.9999999999999996e+00
3.6819551935378446e-17
2.9605947323337521e-16
-5.5511151231257827e-17
-1.6666666666666563e-01
4.1372107413830830e-16
-2.2204460492503131e-16
6.6666666666666674e-01
-4.9999999999999967e-01
9.9999999999999956e-01
-5.7924731478447195e-16
-2.9999999999999991e+00
1.9999999999999993e+00
-2.9999999999999991e+00
5.9999999999999991e+00
-2.9999999999999991e+00
-2.0000000000000004e+00
1.9999999999999996e+00
4.4408920985006262e-16
5.0000000000000000e-01
-6.6666666666666630e-01
6.6613381477509392e-16
-7.7715611723760899e-16
1.6666666666666663e-01
-1.9999999999999991e+00
2.9999999999999987e+00
1.3322676295501878e-15
-1.0000000000000002e+00
2.9999999999999987e+00
-6.0000000000000000e+00
3.0000000000000000e+00
-1.9999999999999998e+00
2.0000000000000004e+00
0.0000000000000000e+00
4.9999999999999867e-01
6.6925658944088446e-16
-1.6097617342895284e-16
-6.7924834788258121e-16
-4.9999999999999978e-01
-2.6666666666666661e+00
-1.6429563380030077e-15
2.7804892349575306e-15
2.6666666666666656e+00
5.9999999999999982e+00
-1.6011858248681445e-15
-5.9999999999999973e+00
-7.9999999999999973e+00
7.9999999999999982e+00
-4.4408920985006262e-16
-4.1666666666666643e+00
-4.5651980594571949e-16
1.5649102785961754e-16
4.8937250634179989e-16
2.3130031925487988e-16
7.9999999999999964e+00
1.0390374004490878e-15
-2.1619054471775950e-15
-4.5363604299635980e-17
-5.9999999999999964e+00
1.2368210791722806e-15
3.3145965333317894e-16
2.6666666666666647e+00
-5.1499460414277924e-16
-4.9999999999999956e-01
-4.9999999999999978e-01
-3.6666666666666652e+00
-7.7715611723760958e-16
2.2204460492503131e-16
1.1564823173178702e-16
1.9999999999999978e+00
6.0000000000000000e+00
0.0000000000000000e+00
-1.3395591376956047e-15
-2.9999999999999978e+00
-2.9999999999999996e+00
1.2675046197803870e-15
1.9999999999999987e+00
6.6666666666666641e-01
-4.9999999999999978e-01
1.6666666666666696e-01
-1.3333333333333321e+00
-3.0000000000000004e+00
-4.4408920985006198e-16
7.2164496600635155e-16
-6.6613381477509392e-16
3.9999999999999987e+00
4.0000000000000009e+00
-1.4900193770274311e-15
-1.0000000000000009e+00
-3.9999999999999987e+00
-9.9999999999999867e-01
1.3333333333333339e+00
1.3333333333333324e+00
-5.0000000000000000e-01
-1.6666666666666569e-01
1.0000000000000004e+00
-3.0000000000000004e+00
-1.9999999999999996e+00
1.1102230246251565e-16
-2.1094237467877974e-15
-2.0190514287278293e-15
6.0000000000000018e+00
1.9999999999999991e+00
2.5535129566378600e-15
-2.9999999999999996e+00
-3.0000000000000000e+00
6.6666666666666596e-01
1.9999999999999998e+00
-4.9999999999999994e-01
4.9999999999999900e-01
-2.6666666666666665e+00
5.9999999999999991e+00
-7.9999999999999964e+00
-6.6613381477509422e-16
2.5312109516417306e-16
-3.1579677144893348e-15
2.3438922162720870e-15
7.9999999999999982e+00
-1.5763703782122828e-16
-5.9612491978352968e-16
-5.9999999999999973e+00
1.1412995148642983e-15
2.6666666666666652e+00
-5.0000000000000044e-01
-4.9999999999999978e-01
0.0000000000000000e+00
1.5811132138976089e-16
9.0340484086133303e-17
4.7902202531628420e-17
-1.6666666666666661e+00
-2.4429034185299192e-16
-5.9841140331483074e-16
-2.0848281256760136e-16
2.9999999999999991e+00
4.2352908255183508e-16
4.0385444300496651e-16
-9.9999999999999978e-01
-1.9992431239188818e-16
1.6666666666666674e-01
1.6666666666666652e-01
-6.6666666666666641e-01
-2.7755575615628914e-16
4.4408920985006262e-16
5.3198186596622055e-17
-6.6666666666666652e-01
-1.0000000000000000e+00
-7.7715611723760958e-16
-1.9867988241766748e-16
1.0000000000000002e+00
2.0000000000000004e+00
3.3769283665681843e-16
-6.6666666666666674e-01
-3.3333333333333365e-01
1.6666666666666674e-01
-1.6666666666666641e-01
6.6666666666666630e-01
-9.9999999999999978e-01
3.7007434154171872e-16
1.1102230246251565e-16
3.3333333333333287e-01
-1.9999999999999998e+00
-4.4408920985006262e-16
-6.9828024349898795e-16
5.6898930012039273e-16
2.0000000000000009e+00
1.0000000000000000e+00
-3.3333333333333376e-01
-6.6666666666666707e-01
1.6666666666666685e-01
5.0000000000000022e-01
-1.9999999999999998e+00
3.0000000000000000e+00
-1.9999999999999996e+00
-5.5511151231257827e-16
-6.6666666666666663e-01
2.9999999999999982e+00
-5.9999999999999982e+00
1.9999999999999991e+00
1.4710455076283324e-15
0.0000000000000000e+00
2.9999999999999996e+00
-7.9269436235718055e-16
-9.9999999999999978e-01
1.6666666666666674e-01
1.6666666666666680e-01
0.0000000000000000e+00
4.7251153707528153e-17
6.0020858934960055e-17
-1.2446164119226512e-16
-1.3333333333333330e+00
-4.7967031357084782e-16
2.3901702392054885e-16
3.8073283582374134e-16
-1.1102230246251565e-16
-5.5625571942487383e-17
-5.7456345163347237e-16
1.3333333333333335e+00
3.3020441815893928e-16
-1.6666666666666691e-01
-1.6666666666666663e-01
3.3333333333333315e-01
-3.3306690738754696e-16
2.2204460492503131e-16
4.6259292692714889e-17
6.6666666666666652e-01
-2.0000000000000000e+00
0.0000000000000000e+00
2.2447510764017027e-16
-9.9999999999999978e-01
1.0000000000000000e+00
-2.0354088784794538e-16
6.6666666666666674e-01
6.6666666666666652e-01
-1.6666666666666663e-01
4.9999999999999939e-01
-1.3333333333333326e+00
1.0000000000000009e+00
-1.3322676295501867e-15
-3.3306690738754696e-16
-1.3333333333333333e+00
3.9999999999999973e+00
-3.9999999999999964e+00
-1.0459301671773685e-15
9.9999999999999944e-01
-4.0000000000000000e+00
3.0000000000000000e+00
9.5484057342944558e-17
1.3333333333333337e+00
-1.6666666666666624e-01
-1.6666666666666652e-01
-7.1331219679018668e-17
-1.4466135179676538e-16
8.2072084910827917e-17
1.9316942757374083e-17
9.9999999999999956e-01
8.7679556391448019e-17
3.2139792931232218e-16
1.7151404826269647e-16
-2.9999999999999996e+00
-2.3180805786789659e-16
-3.1069849343054444e-16
1.6666666666666665e+00
-2.6917760928091291e-16
5.0000000000000044e-01
4.9999999999999978e-01
-6.6666666666666630e-01
4.4408920985006262e-16
-7.7715611723760899e-16
-3.7007434154171881e-16
-1.9999999999999998e+00
2.9999999999999987e+00
2.2204460492503131e-15
2.8147645694254142e-16
2.9999999999999991e+00
-6.0000000000000000e+00
-1.0362081563168126e-15
-1.9999999999999998e+00
3.6666666666666674e+00
5.0000000000000022e-01
5.0000000000000000e-01
1.0550029666171994e-16
4.4132840368955290e-16
-1.0550029666172002e-16
4.5355160971379334e-17
-2.6666666666666652e+00
2.5320071198812785e-16
-2.2702184698107443e-16
-6.6012452132128555e-16
5.9999999999999982e+00
-1.5216118715389429e-15
1.0606430702008438e-15
-7.9999999999999982e+00
-4.2531219269618848e-16
4.1666666666666661e+00
-6.6666666666666679e+00
-8.0000000000000107e+00
6.0000000000000107e+00
-2.6666666666666670e+00
1.6666666666666690e+00
-8.0000000000000053e+00
-4.8448859592827587e-15
6.5542600813857037e-15
5.3333333333333295e+00
6.0000000000000062e+00
-1.0264332448178824e-15
2.0000000000000075e+00
-2.6666666666666745e+00
5.3333333333333313e+00
1.6666666666666656e+00
1.7903645833333324e+00
1.6666666666666701e+00
-3.0000000000000022e+00
1.0000000000000018e+00
-2.2786458333333354e-01
3.0104166666666679e+00
3.0823237676166951e-15
-3.4045654012451040e-16
-8.4374999999999667e-01
-3.3593750000000000e+00
8.0000071861250712e-16
-2.3906250000000013e+00
1.5729166666666679e+00
2.6041666666666796e-01
5.2083333333333270e-01
-5.2083333333333259e-01
1.3333333333333341e+00
-9.6399401697726090e-16
-1.3333333333333321e+00
5.2083333333333259e-01
-2.4999999999999982e+00
1.3338705380919131e-16
2.3694042302451368e-15
2.4999999999999996e+00
2.5000000000000117e-01
-8.6670971936773152e-16
-2.5000000000000117e-01
1.1666666666666674e+00
-1.1666666666666681e+00
-9.4830391733588691e-17
2.2786458333333348e-01
-1.0000000000000022e+00
3.0000000000000031e+00
-1.6666666666666705e+00
-1.7903645833333326e+00
8.4374999999999589e-01
-1.5322054955288063e-15
-2.8459088343511189e-15
-3.0104166666666679e+00
2.3906250000000013e+00
-3.6309239708998596e-16
3.3593750000000013e+00
-2.6041666666666835e-01
-1.5729166666666683e+00
-5.2083333333333270e-01
-1.6666666666666690e+00
2.6666666666666670e+00
-6.0000000000000089e+00
8.0000000000000071e+00
6.6666666666666661e+00
-5.3333333333333295e+00
-2.4418570203753167e-15
7.8749152825591569e-15
8.0000000000000053e+00
-2.0000000000000080e+00
4.2314259578445703e-15
-6.0000000000000044e+00
-5.3333333333333277e+00
2.6666666666666750e+00
-1.6666666666666656e+00
-6.2500000000000000e-01
-2.0000000000000018e+00
3.0000000000000022e+00
-2.0000000000000018e+00
1.3085937500000000e+00
-8.0000000000000018e+00
-6.0000000000000009e+00
3.0000000000000031e+00
-4.0625000000000083e-01
-2.2499999999999991e+00
-7.1820667091056631e-17
-2.3906250000000004e+00
2.1681765218730100e-16
-8.4375000000000111e-01
-1.9531249999999931e-02
-1.1067708333333329e-01
6.6666666666666674e-01
-1.0000000000000002e+00
6.6666666666666630e-01
-1.0416666666666691e-01
1.9062500000000004e+00
9.9999999999999822e-01
-2.0000000000000000e+00
8.3333333333333215e-01
1.0156249999999989e+00
5.7830541500121185e-16
7.5000000000000144e-01
1.0416666666666345e-02
4.9999999999999972e-01
-3.2552083333333273e-02
1.0416666666666669e-01
-6.6666666666666696e-01
1.0000000000000002e+00
-6.6666666666666630e-01
1.1067708333333356e-01
-8.3333333333333315e-01
1.9999999999999998e+00
-1.0000000000000000e+00
-1.9062499999999989e+00
-7.4999999999999989e-01
-1.7007510351077738e-16
-1.0156250000000002e+00
-4.9999999999999961e-01
-1.0416666666665859e-02
3.2552083333333301e-02
-1.3085937500000011e+00
2.0000000000000036e+00
-3.0000000000000036e+00
2.0000000000000040e+00
6.2499999999999989e-01
4.0625000000000228e-01
-3.0000000000000031e+00
6.0000000000000080e+00
8.0000000000000036e+00
2.3906250000000000e+00
8.6783183971944281e-16
2.2500000000000009e+00
8.4375000000000044e-01
-1.2088313834789638e-16
1.9531249999999702e-02
-1.5243981921966220e-16
3.6356788527450688e-16
1.0000000000000002e+00
-1.3333333333333337e+00
9.3750000000000011e-01
-1.3333333333333317e+00
-4.0000000000000000e+00
4.0000000000000018e+00
-2.5000000000000018e+00
-7.0000000000000018e+00
-4.0000000000000000e+00
7.5000000000000033e-01
-2.6666666666666674e+00
2.5000000000000022e+00
5.2083333333333304e-01
7.1614583333333634e-02
-3.3333333333333337e-01
1.1104329916387585e-16
3.3333333333333331e-01
-7.1614583333333440e-02
-6.5625000000000033e-01
2.0000000000000004e+00
-2.0000000000000000e+00
6.5625000000000033e-01
2.0156249999999996e+00
-9.7356752247087192e-16
-2.0156250000000004e+00
1.2395833333333341e+00
-1.2395833333333344e+00
-6.7402395569654415e-19
-9.3750000000000089e-01
1.3333333333333341e+00
-1.0000000000000011e+00
-1.5860552209301955e-16
9.7260258405603967e-17
2.5000000000000018e+00
-4.0000000000000044e+00
4.0000000000000018e+00
1.3333333333333330e+00
-7.4999999999999989e-01
4.0000000000000036e+00
7.0000000000000044e+00
-2.5000000000000027e+00
2.6666666666666683e+00
-5.2083333333333326e-01
2.0833333333333304e-01
-5.9723860977628523e-16
1.5164901872415823e-15
-6.6666666666666963e-01
7.8776041666666641e-01
-9.9999999999999956e-01
-3.3915830161587361e-15
2.9999999999999987e+00
-3.5729166666666710e+00
7.4999999999999734e-01
-5.9999999999999991e+00
6.3593750000000053e+00
-9.6666666666666661e+00
-5.0104166666666670e+00
-2.4153645833333321e+00
-7.8776041666666696e-01
6.6666666666666807e-01
-5.6027251097901057e-16
2.5283227474132130e-15
-2.0833333333333290e-01
3.5729166666666696e+00
-2.9999999999999996e+00
2.1659080522317783e-15
1.0000000000000018e+00
-6.3593750000000018e+00
6.0000000000000018e+00
-7.5000000000000155e-01
5.0104166666666670e+00
9.6666666666666714e+00
2.4153645833333321e+00
0.0000000000000000e+00
0.0000000000000000e+00
0.0000000000000000e+00
0.0000000000000000e+00
0.0000000000000000e+00
0.0000000000000000e+00
0.0000000000000000e+00
0.0000000000000000e+00
0.0000000000000000e+00
0.0000000000000000e+00
0.0000000000000000e+00
0.0000000000000000e+00
0.0000000000000000e+00
0.0000000000000000e+00
0.0000000000000000e+00
-6.6666666666666679e+00
-8.0000000000000071e+00
6.0000000000000098e+00
-2.6666666666666723e+00
1.6666666666666674e+00
-8.0000000000000000e+00
-2.4610044201546009e-15
3.0486826700959724e-15
5.3333333333333295e+00
6.0000000000000000e+00
2.8658406190252905e-15
2.0000000000000049e+00
-2.6666666666666683e+00
5.3333333333333339e+00
1.6666666666666670e+00
-6.2499999999999956e-01
-8.0000000000000000e+00
-2.2500000000000004e+00
1.7931465152375007e-16
-1.9531250000000340e-02
-2.0000000000000000e+00
-5.9999999999999973e+00
-3.9038483492630951e-15
-8.4375000000000089e-01
3.0000000000000013e+00
3.0000000000000013e+00
-2.3906249999999964e+00
-2.0000000000000009e+00
-4.0625000000000211e-01
1.3085937500000009e+00
2.0478192289418526e-16
-1.3333333333333308e+00
-7.0000000000000018e+00
-2.6666666666666656e+00
5.2083333333333270e-01
2.1625820526493244e-16
-4.0000000000000000e+00
-3.9999999999999996e+00
2.4999999999999987e+00
1.0000000000000009e+00
4.0000000000000018e+00
7.5000000000000155e-01
-1.3333333333333339e+00
-2.5000000000000027e+00
9.3750000000000100e-01
2.0833333333333348e-01
-1.0000000000000033e+00
7.5000000000000444e-01
-9.6666666666666732e+00
-2.4153645833333317e+00
-5.0104171227687136e-15
-4.2188973535618802e-15
-6.0000000000000044e+00
-5.0104166666666696e+00
4.9269579910615270e-15
2.9999999999999987e+00
6.3593750000000036e+00
-6.6666666666667163e-01
-3.5729166666666714e+00
7.8776041666666785e-01
-1.4188207578199716e-15
-3.4314832374307941e-15
-3.5735605832355488e-15
3.8897003255614907e-15
5.7556349966355180e-16
1.0046294568471581e-15
-1.5978670601742416e-17
3.3261995712025372e-15
3.7577678935444687e-15
6.4716779610406924e-16
2.3861724951797047e-15
-3.0184055146562200e-15
-2.3539746491976728e-16
2.7331549491509275e-15
1.2797080384561253e-15
1.7903645833333333e+00
3.0104166666666683e+00
-3.3593750000000031e+00
1.5729166666666685e+00
5.2083333333333304e-01
1.6666666666666665e+00
1.6067524785435761e-15
-1.1565410029492938e-15
2.6041666666666730e-01
-3.0000000000000000e+00
5.7556114908887445e-16
-2.3906250000000027e+00
1.0000000000000013e+00
-8.4374999999999956e-01
-2.2786458333333343e-01
-1.1067708333333336e-01
1.9062500000000002e+00
1.0156249999999989e+00
1.0416666666666156e-02
-3.2552083333333426e-02
6.6666666666666707e-01
9.9999999999999878e-01
1.3059769613522065e-15
5.0000000000000033e-01
-1.0000000000000002e+00
-1.9999999999999998e+00
7.4999999999999967e-01
6.6666666666666663e-01
8.3333333333333359e-01
-1.0416666666666680e-01
7.1614583333333315e-02
-6.5625000000000100e-01
2.0156250000000004e+00
1.2395833333333324e+00
1.0898377164306526e-17
-3.3333333333333326e-01
2.0000000000000009e+00
-3.6074125633994493e-16
-1.2395833333333328e+00
-7.9299463254380421e-16
-2.0000000000000000e+00
-2.0156250000000000e+00
3.3333333333333404e-01
6.5625000000000100e-01
-7.1614583333333440e-02
-7.8776041666666763e-01
3.5729166666666714e+00
-6.3593750000000062e+00
5.0104166666666705e+00
2.4153645833333317e+00
6.6666666666667118e-01
-3.0000000000000018e+00
6.0000000000000062e+00
9.6666666666666696e+00
-3.4093173734695779e-15
2.1623469730667795e-15
-7.5000000000000033e-01
3.0887914593204795e-15
1.0000000000000020e+00
-2.0833333333333345e-01
-5.2083333333333326e-01
-2.5000000000000009e+00
2.5000000000000183e-01
1.1666666666666687e+00
1.6321225241218174e-16
1.3333333333333350e+00
2.7352843779836551e-15
-2.3004243685732014e-16
-1.1666666666666672e+00
-2.2646120568787854e-15
8.1845466944880234e-16
-2.5000000000000111e-01
-1.3333333333333326e+00
2.5000000000000040e+00
5.2083333333333326e-01
1.0416666666666693e-01
-8.3333333333333304e-01
-7.4999999999999967e-01
-4.9999999999999917e-01
3.2552083333333537e-02
-6.6666666666666685e-01
2.0000000000000004e+00
9.8163735233795929e-16
-1.0416666666666546e-02
1.0000000000000002e+00
-1.0000000000000007e+00
-1.0156249999999996e+00
-6.6666666666666674e-01
-1.9062500000000009e+00
1.1067708333333327e-01
-9.3750000000000056e-01
2.5000000000000027e+00
-7.4999999999999944e-01
-2.5000000000000018e+00
-5.2083333333333304e-01
1.3333333333333341e+00
-4.0000000000000044e+00
4.0000000000000044e+00
2.6666666666666661e+00
-1.0000000000000004e+00
4.0000000000000018e+00
7.0000000000000036e+00
-1.2688929649487265e-15
1.3333333333333335e+00
1.8170845976228309e-17
2.2786458333333309e-01
8.4374999999999789e-01
2.3906250000000009e+00
-2.6041666666667063e-01
-5.2083333333333370e-01
-1.0000000000000007e+00
-1.8003928516860099e-15
-8.2235787769463408e-16
-1.5729166666666687e+00
2.9999999999999991e+00
-7.7705768093259429e-16
3.3593750000000027e+00
-1.6666666666666672e+00
-3.0104166666666679e+00
-1.7903645833333321e+00
-1.3085937500000007e+00
4.0624999999999800e-01
2.3906250000000013e+00
8.4374999999999845e-01
1.9531249999999927e-02
2.0000000000000009e+00
-3.0000000000000009e+00
3.1474354562349304e-16
-1.0263088924892913e-15
-3.0000000000000009e+00
6.0000000000000018e+00
2.2500000000000013e+00
1.9999999999999984e+00
8.0000000000000018e+00
6.2499999999999944e-01
-1.6666666666666656e+00
-5.3333333333333304e+00
-1.9999999999999982e+00
-5.3333333333333259e+00
-1.6666666666666654e+00
2.6666666666666705e+00
1.5881201868195274e-15
2.6760219483542442e-15
2.6666666666666718e+00
-6.0000000000000053e+00
4.2493798834719516e-15
-6.0000000000000089e+00
8.0000000000000071e+00
8.0000000000000089e+00
6.6666666666666661e+00
1.0833333333333334e+01
8.0000000000000089e+00
-6.0000000000000009e+00
2.6666666666666767e+00
-4.9999999999999784e-01
1.1666666666666690e+00
5.3333333333333464e+00
2.0000000000000040e+00
5.3333333333333401e+00
1.1666666666666672e+00
1.0833333333333336e+01
8.0000000000000178e+00
-6.0000000000000089e+00
2.6666666666666696e+00
-5.0000000000000067e-01
1.1250000000000007e+00
1.1666666666666675e+01
2.2500000000000022e+00
8.3249496529310898e-15
-4.1666666666664333e-02
-6.1197916666665617e-02
-8.4375000000000222e-01
-2.3906250000000013e+00
2.6041666666666652e-01
8.0859375000000011e-01
-1.2903645833333344e+00
-3.0104166666666696e+00
3.3593750000000027e+00
-1.5729166666666676e+00
2.8776041666666691e-01
-1.6666666666666496e-01
2.6666666666666727e+00
1.0000000000000002e+01
2.6666666666666723e+00
-1.6666666666666491e-01
3.5416666666666774e-01
2.5000000000000031e+00
-2.5000000000000150e-01
-1.1666666666666676e+00
4.3750000000000000e-01
3.5416666666666785e-01
2.5000000000000027e+00
-2.5000000000000089e-01
-1.1666666666666672e+00
4.3750000000000011e-01
-4.1666666666664631e-02
7.7984499581529220e-15
2.2500000000000022e+00
1.1666666666666675e+01
1.1250000000000000e+00
-1.2903645833333344e+00
-3.0104166666666696e+00
3.3593750000000027e+00
-1.5729166666666679e+00
2.8776041666666707e-01
-6.1197916666665991e-02
-8.4375000000000222e-01
-2.3906250000000013e+00
2.6041666666666718e-01
8.0859375000000011e-01
-4.9999999999999822e-01
2.6666666666666776e+00
-6.0000000000000009e+00
8.0000000000000089e+00
1.0833333333333334e+01
1.0833333333333336e+01
8.0000000000000178e+00
-6.0000000000000089e+00
2.6666666666666710e+00
-5.0000000000000056e-01
1.1666666666666696e+00
5.3333333333333464e+00
2.0000000000000036e+00
5.3333333333333393e+00
1.1666666666666672e+00
-1.2903645833333330e+00
-3.0104166666666687e+00
3.3593750000000013e+00
-1.5729166666666703e+00
2.8776041666666663e-01
8.0859375000000044e-01
2.6041666666666530e-01
-2.3906250000000040e+00
-8.4375000000000178e-01
-6.1197916666667053e-02
1.1250000000000033e+00
1.1666666666666682e+01
2.2500000000000013e+00
1.8114386535274313e-15
-4.1666666666667032e-02
-5.5989583333333384e-02
-1.2395833333333339e+00
-1.0156250000000004e+00
-1.0416666666667310e-02
9.5052083333332926e-02
6.2499999999999639e-02
5.0000000000000111e-01
7.5000000000000122e-01
5.0000000000000022e-01
6.2499999999999972e-02
-5.5989583333333683e-02
-1.2395833333333350e+00
-1.0156250000000007e+00
-1.0416666666666782e-02
9.5052083333333315e-02
9.5052083333332954e-02
-1.0416666666667920e-02
-1.0156250000000002e+00
-1.2395833333333341e+00
-5.5989583333333280e-02
-5.5989583333333565e-02
-1.2395833333333350e+00
-1.0156250000000004e+00
-1.0416666666666284e-02
9.5052083333333301e-02
6.2499999999999847e-02
5.0000000000000133e-01
7.5000000000000067e-01
5.0000000000000033e-01
6.2499999999999847e-02
2.8776041666666663e-01
-1.5729166666666701e+00
3.3593750000000009e+00
-3.0104166666666692e+00
-1.2903645833333328e+00
1.1250000000000033e+00
1.1666666666666684e+01
2.2500000000000013e+00
1.6449051998336580e-15
-4.1666666666667081e-02
8.0859375000000089e-01
2.6041666666666530e-01
-2.3906250000000040e+00
-8.4375000000000111e-01
-6.1197916666667046e-02
3.5416666666666646e-01
2.5000000000000018e+00
-2.5000000000000094e-01
-1.1666666666666663e+00
4.3750000000000078e-01
4.3750000000000039e-01
-1.1666666666666692e+00
-2.5000000000000261e-01
2.5000000000000036e+00
3.5416666666666707e-01
-1.6666666666666646e-01
2.6666666666666710e+00
1.0000000000000007e+01
2.6666666666666683e+00
-1.6666666666666666e-01
6.2500000000000014e-02
5.0000000000000056e-01
7.5000000000000078e-01
5.0000000000000044e-01
6.2499999999999951e-02
9.5052083333333343e-02
-1.0416666666666312e-02
-1.0156250000000007e+00
-1.2395833333333344e+00
-5.5989583333333530e-02
9.5052083333333329e-02
-1.0416666666666645e-02
-1.0156250000000007e+00
-1.2395833333333341e+00
-5.5989583333333572e-02
4.3750000000000083e-01
-1.1666666666666667e+00
-2.5000000000000117e-01
2.5000000000000018e+00
3.5416666666666646e-01
-1.6666666666666644e-01
2.6666666666666710e+00
1.0000000000000005e+01
2.6666666666666687e+00
-1.6666666666666649e-01
4.3750000000000039e-01
-1.1666666666666687e+00
-2.5000000000000200e-01
2.5000000000000031e+00
3.5416666666666707e-01
-6.1197916666666879e-02
-8.4375000000000100e-01
-2.3906250000000013e+00
2.6041666666666718e-01
8.0859374999999989e-01
2.8776041666666613e-01
-1.5729166666666687e+00
3.3593750000000022e+00
-3.0104166666666674e+00
-1.2903645833333330e+00
-4.1666666666666803e-02
6.4920375844170151e-16
2.2500000000000004e+00
1.1666666666666671e+01
1.1250000000000013e+00
8.0859374999999989e-01
2.6041666666666663e-01
-2.3906250000000013e+00
-8.4375000000000078e-01
-6.1197916666666879e-02
-4.1666666666666852e-02
7.6022606090421717e-16
2.2500000000000000e+00
1.1666666666666671e+01
1.1250000000000013e+00
2.8776041666666607e-01
-1.5729166666666685e+00
3.3593750000000027e+00
-3.0104166666666670e+00
-1.2903645833333330e+00
1.1666666666666679e+00
5.3333333333333428e+00
2.0000000000000009e+00
5.3333333333333401e+00
1.1666666666666681e+00
-5.0000000000000044e-01
2.6666666666666670e+00
-6.0000000000000018e+00
8.0000000000000071e+00
1.0833333333333329e+01
-5.0000000000000044e-01
2.6666666666666674e+00
-6.0000000000000018e+00
8.0000000000000071e+00
1.0833333333333329e+01
-5.8716950358522264e-02
2.0232068644087622e-01
-2.6165961236071583e-01
2.2390734375332247e-01
-1.0585146747496074e-01
7.4830075065435098e-02
-1.9230581860169935e-01
-3.4119746575129262e-01
4.5867320928755689e-01
5.3796541230983028e-02
-1.7835116113883009e+00
1.7297150701573181e+00
1.0455502976429143e-01
-1.0455502976429143e-01
-6.2450045135165055e-17
1.0585146747496066e-01
-2.2390734375332250e-01
2.6165961236071605e-01
-2.0232068644087639e-01
5.8716950358522188e-02
-4.5867320928755650e-01
3.4119746575129078e-01
1.9230581860170076e-01
-7.4830075065435334e-02
-1.7297150701573178e+00
1.7835116113883005e+00
-5.3796541230982181e-02
1.0455502976429132e-01
-1.0455502976429160e-01
0.0000000000000000e+00
1.0585146747496083e-01
-5.6322823905184793e-01
-3.8857805861880479e-16
5.6322823905184827e-01
-1.0585146747496073e-01
-1.1935231398903134e-01
-1.4423141456370090e+00
1.4423141456370088e+00
1.1935231398903162e-01
3.1545615359169910e-01
2.2204460492503131e-16
-3.1545615359169932e-01
-1.2749061137544138e-01
1.2749061137544143e-01
-5.5511151231257827e-17
-1.7183301621653549e-01
5.1550600764768051e-01
-3.9933299756241519e-01
6.2885821597609373e-02
-7.2258154663394688e-03
5.0395583729845739e-01
-2.1934065237573588e+00
1.7891195586930915e+00
-9.9668872234190159e-02
-3.6526338614718806e-01
-4.3334636246603497e-01
7.9860974861322320e-01
1.2629332713698577e-01
-1.2629332713698588e-01
-2.7755575615628914e-17
7.2258154663397689e-03
-6.2885821597609429e-02
3.9933299756241458e-01
-5.1550600764768006e-01
1.7183301621653546e-01
9.9668872234190131e-02
-1.7891195586930917e+00
2.1934065237573583e+00
-5.0395583729845694e-01
-7.9860974861322320e-01
4.3334636246603564e-01
3.6526338614718795e-01
1.2629332713698577e-01
-1.2629332713698593e-01
-5.5511151231257827e-17
7.2258154663397862e-03
-2.6624454902795771e-02
-3.3306690738754696e-16
2.6624454902796038e-02
-7.2258154663394601e-03
6.3407505539376435e-02
-2.2224659211591264e+00
2.2224659211591260e+00
-6.3407505539375977e-02
3.4069611415226832e-02
4.4408920985006262e-16
-3.4069611415227283e-02
-1.1550170349223322e-02
1.1550170349223322e-02
3.4694469519536142e-18
-6.8531700206800372e-01
5.2620805558002137e-01
3.3912937950481092e-01
-2.3378101767118661e-01
5.3760584654358096e-02
-1.8353637299713903e+00
1.8700175856091890e+00
-1.9127281812544750e-02
-1.5526573825253394e-02
6.4273737628871563e-01
-6.5435219806991407e-01
1.1614821781197611e-02
-1.2777315380566331e-01
1.2777315380566365e-01
0.0000000000000000e+00
-5.3760584654356847e-02
2.3378101767117954e-01
-3.3912937950479688e-01
-5.2620805558003403e-01
6.8531700206800805e-01
1.5526573825252549e-02
1.9127281812550852e-02
-1.8700175856091978e+00
1.8353637299713945e+00
-1.1614821781197597e-02
6.5435219806991429e-01
-6.4273737628871663e-01
-1.2777315380566373e-01
1.2777315380566370e-01
1.7347234759768071e-17
-5.3760584654355903e-02
1.4329972763091606e-01
-6.9388939039072284e-16
-1.4329972763091692e-01
5.3760584654358019e-02
1.0600786386551553e-01
-6.3522491625736277e-01
6.3522491625737043e-01
-1.0600786386552330e-01
3.0360799678391970e-01
-1.4543921622589551e-14
-3.0360799678390510e-01
-2.3615717855514209e+00
2.3615717855514209e+00
-5.5511151231257827e-17
1.7722623504827062e-01
-8.2071718819079298e-01
1.2101641399243843e+00
-7.4471369256488462e-01
1.7804050578302272e-01
-9.9831395181152682e-01
-3.7341856011177887e-01
1.6623695962450469e+00
-2.9063708432174096e-01
1.5410921507735578e-01
-1.1794416745597736e-01
-3.6165047621378628e-02
-3.3232846190229544e-02
3.3232846190229683e-02
-1.3877787807814457e-17
-1.7804050578302266e-01
7.4471369256488484e-01
-1.2101641399243848e+00
8.2071718819079298e-01
-1.7722623504827040e-01
2.9063708432174118e-01
-1.6623695962450469e+00
3.7341856011177899e-01
9.9831395181152671e-01
3.6165047621378621e-02
1.1794416745597736e-01
-1.5410921507735595e-01
-3.3232846190229731e-02
3.3232846190229703e-02
0.0000000000000000e+00
-1.7804050578302300e-01
3.2386993051197099e-01
-4.9960036108132044e-16
-3.2386993051197072e-01
1.7804050578302288e-01
7.1148084637465514e-01
-1.7803137637010240e+00
1.7803137637010238e+00
-7.1148084637465514e-01
-1.0560549248470290e+00
2.2204460492503131e-16
1.0560549248470292e+00
-1.7759676362073387e-01
1.7759676362073359e-01
0.0000000000000000e+00
-3.0944265203153432e+00
5.6269512296507802e+00
-3.9535186199372054e+00
1.7518669603531500e+00
-3.3087304975138088e-01
-7.5257098002383505e-01
1.0003968427360916e+00
-2.9558087989940074e-01
4.7755017187144207e-02
2.9773343271699626e-01
-3.3380193969332761e-01
3.6068506976331252e-02
-5.7142119411643724e-02
5.7142119411643863e-02
-5.5511151231257827e-17
3.3087304975137843e-01
-1.7518669603531369e+00
3.9535186199371752e+00
-5.6269512296507527e+00
3.0944265203153360e+00
-4.7755017187144255e-02
2.9558087989939807e-01
-1.0003968427360879e+00
7.5257098002383405e-01
-3.6068506976330600e-02
3.3380193969332694e-01
-2.9773343271699637e-01
-5.7142119411644071e-02
5.7142119411644071e-02
6.9388939039072284e-18
3.3087304975137899e-01
9.3871022245019167e-03
5.8980598183211441e-16
-9.3871022244999009e-03
-3.3087304975138115e-01
-1.8090090797647838e+00
-3.8221059793937043e-02
3.8221059793925732e-02
1.8090090797647960e+00
4.2512520526541815e+00
1.7763568394002505e-14
-4.2512520526542010e+00
-6.3795222096746045e+00
6.3795222096746054e+00
-4.4408920985006262e-16
3.4222049154684947e-01
-9.0230039087724756e-01
6.3553411491677347e-01
8.2415860906439958e-02
-1.5787007649281545e-01
-9.5591477924447088e-01
2.9416805188557147e+00
-3.1106683195003786e+00
1.1249025798891350e+00
7.5812726267451624e-01
-3.4655362715097562e+00
2.7074090088352398e+00
2.8868481387445948e-02
-2.8868481387445702e-02
-3.8857805861880479e-16
1.5787007649281470e-01
-8.2415860906438432e-02
-6.3553411491677980e-01
9.0230039087725555e-01
-3.4222049154685225e-01
-1.1249025798891423e+00
3.1106683195003990e+00
-2.9416805188557338e+00
9.5591477924447688e-01
-2.7074090088352434e+00
3.4655362715097620e+00
-7.5812726267451847e-01
2.8868481387445959e-02
-2.8868481387446351e-02
4.4408920985006262e-16
1.5787007649281515e-01
-1.1537710612765875e+00
4.6074255521943996e-15
1.1537710612765826e+00
-1.5787007649281490e-01
-5.3547379518993472e-02
-3.5486795200936927e-01
3.5486795200936966e-01
5.3547379518993111e-02
1.2259314775774119e-01
-2.2204460492503131e-16
-1.2259314775774099e-01
-5.3614388367222029e-02
5.3614388367222057e-02
-1.3877787807814457e-17
-8.9322031105146735e-02
4.4278553142133775e-01
-8.1067190832765534e-01
-1.0445868382103822e+00
1.5017952462218465e+00
8.1796592631112608e-03
-2.8030506791687990e-02
-4.5492763529224223e-01
4.7477848282081897e-01
8.3303349726684961e-04
2.3045508707646542e-01
-2.3128812057373227e-01
-5.0809297962448596e-02
5.0809297962448596e-02
1.3877787807814457e-17
-8.9322031105147581e-02
1.3225432421969380e-01
1.0395853458412485e-01
2.0424149196984237e-01
-3.5113231966851394e-01
3.1871086646475666e-01
-8.5639623866587633e-01
-1.1622581925702922e+00
1.6999435647714114e+00
-8.5431677540326545e-02
3.4582580149352045e+00
-3.3728263373948768e+00
-3.8201099987233627e+00
3.8201099987233622e+00
-1.1102230246251565e-16
-1.5017952462218394e+00
1.0445868382103634e+00
8.1067190832767322e-01
-4.4278553142134519e-01
8.9322031105147998e-02
-4.7477848282081808e-01
4.5492763529224040e-01
2.8030506791689225e-02
-8.1796592631114811e-03
2.3128812057373194e-01
-2.3045508707646500e-01
-8.3303349726701224e-04
-5.0809297962448464e-02
5.0809297962448562e-02
-4.1633363423443370e-17
-1.5017952462218389e+00
3.3453315159025312e+00
-3.1415382168211372e+00
1.6491342668089595e+00
-3.5113231966851366e-01
-2.7755231605129840e+00
3.9131856502274545e+00
-1.3927132796467627e+00
2.5505078993229274e-01
7.2524023078732625e-01
-8.2836573187418461e-01
1.0312550108685768e-01
-1.2407466495658095e-01
1.2407466495658140e-01
-1.1102230246251565e-16
3.5113231966851410e-01
-2.0424149196984326e-01
-1.0395853458412485e-01
-1.3225432421969371e-01
8.9322031105147748e-02
-1.6999435647714098e+00
1.1622581925702966e+00
8.5639623866587722e-01
-3.1871086646476293e-01
3.3728263373948719e+00
-3.4582580149352165e+00
8.5431677540342851e-02
-3.8201099987233511e+00
3.8201099987233520e+00
0.0000000000000000e+00
3.5113231966851366e-01
-1.6491342668089606e+00
3.1415382168211381e+00
-3.3453315159025312e+00
1.5017952462218398e+00
-2.5505078993229269e-01
1.3927132796467625e+00
-3.9131856502274536e+00
2.7755231605129840e+00
-1.0312550108685770e-01
8.2836573187418372e-01
-7.2524023078732625e-01
-1.2407466495658127e-01
1.2407466495658129e-01
9.7144514654701197e-17
-1.5040967697270458e-01
8.1141445113866562e-01
-2.1420866438899391e+00
1.5243612133580808e+00
-4.3279343634102657e-02
1.1722782366673168e-01
-1.0337861603245466e+00
1.6145018156004165e-01
7.5510815509777329e-01
1.3328438327948314e-01
3.4091278267001157e-01
-4.7419716594949474e-01
-1.2583545224350104e-01
1.2583545224350104e-01
1.3877787807814457e-17
-1.5040967697270546e-01
9.0875745652562026e-02
1.2113022933385476e-01
-4.1413321960251458e-02
-2.0182976053460082e-02
8.3776652915283611e-01
-8.4453202279450490e-01
-1.9358024351991387e-01
2.0034573716158227e-01
-2.3191866274743527e+00
2.8854540762101211e+00
-5.6626744873576762e-01
-7.4957178538532399e-01
7.4957178538532343e-01
2.2204460492503131e-16
4.3279343634102546e-02
-1.5243612133580804e+00
2.1420866438899382e+00
-8.1141445113866562e-01
1.5040967697270535e-01
-7.5510815509777329e-01
-1.6145018156004184e-01
1.0337861603245471e+00
-1.1722782366673164e-01
4.7419716594949474e-01
-3.4091278267001179e-01
-1.3328438327948328e-01
-1.2583545224350104e-01
1.2583545224350121e-01
-2.7755575615628914e-17
4.3279343634102574e-02
-5.5363697124505172e-03
-9.2070282786272717e-02
7.4510284918081010e-02
-2.0182976053460349e-02
-2.2739329987434038e+00
2.7240038946500795e+00
-5.3449302618992567e-01
8.4422130283249949e-02
-1.7709998358441448e-01
1.8925413753004250e-01
-1.2154153945628238e-02
2.6352078014170000e-02
-2.6352078014169788e-02
0.0000000000000000e+00
2.0182976053459867e-02
4.1413321960251361e-02
-1.2113022933385487e-01
-9.0875745652561998e-02
1.5040967697270521e-01
-2.0034573716158266e-01
1.9358024351991487e-01
8.4453202279450401e-01
-8.3776652915283611e-01
5.6626744873576884e-01
-2.8854540762101224e+00
2.3191866274743536e+00
-7.4957178538532354e-01
7.4957178538532365e-01
0.0000000000000000e+00
2.0182976053460158e-02
-7.4510284918080191e-02
9.2070282786271829e-02
5.5363697124511599e-03
-4.3279343634102879e-02
-8.4422130283249949e-02
5.3449302618992500e-01
-2.7240038946500782e+00
2.2739329987434029e+00
1.2154153945628927e-02
-1.8925413753004339e-01
1.7709998358441467e-01
2.6352078014169764e-02
-2.6352078014169753e-02
-1.1275702593849246e-16
3.8705790824099318e-01
-1.4536873208451171e+00
1.9759694649962367e+00
-1.0513495141637266e+00
1.4200946177161397e-01
-6.3541163433357173e-01
2.7496263807469674e+00
-5.3624467065125216e+00
3.2482319600991261e+00
8.9327533318636659e-02
-5.5347202542080431e-01
4.6414449210216752e-01
5.6486720545466440e-02
-5.6486720545466357e-02
-1.3877787807814457e-17
3.8705790824099351e-01
-5.9620471788622864e-01
4.8308841433522876e-02
3.6802219347423025e-02
1.2403574886428856e-01
-1.4928942372924614e+00
2.6532566892373510e+00
-3.2463939897912297e-01
-8.3572305296576610e-01
2.1133578483909679e+00
-5.3918390175558244e+00
3.2784811691648557e+00
-1.2311053283640636e+00
1.2311053283640641e+00
4.4408920985006262e-16
-1.4200946177161505e-01
1.0513495141637283e+00
-1.9759694649962385e+00
1.4536873208451184e+00
-3.8705790824099379e-01
-3.2482319600991283e+00
5.3624467065125270e+00
-2.7496263807469701e+00
6.3541163433357206e-01
-4.6414449210216635e-01
5.5347202542080121e-01
-8.9327533318635091e-02
5.6486720545466766e-02
-5.6486720545466509e-02
-2.7755575615628914e-16
-1.4200946177161533e-01
-2.0171266317350649e+00
2.8143366770626890e+00
-7.7923633242029811e-01
1.2403574886428900e-01
-1.7975581420033451e-01
-2.9392311043299355e-02
2.2883262644167610e-01
-1.9684501198042187e-02
1.3738838339473011e-01
-9.6369691509616995e-02
-4.1018691885113187e-02
-3.9206916447342761e-02
3.9206916447342803e-02
-1.3877787807814457e-17
-1.2403574886428803e-01
-3.6802219347423573e-02
-4.8308841433523320e-02
5.9620471788622964e-01
-3.8705790824099373e-01
8.3572305296576443e-01
3.2463939897912586e-01
-2.6532566892373537e+00
1.4928942372924625e+00
-3.2784811691648548e+00
5.3918390175558262e+00
-2.1133578483909696e+00
-1.2311053283640643e+00
1.2311053283640636e+00
-4.4408920985006262e-16
-1.2403574886428932e-01
7.7923633242029855e-01
-2.8143366770626890e+00
2.0171266317350649e+00
1.4200946177161480e-01
1.9684501198042333e-02
-2.2883262644167573e-01
2.9392311043298952e-02
1.7975581420033446e-01
4.1018691885113021e-02
9.6369691509617078e-02
-1.3738838339473011e-01
-3.9206916447342727e-02
3.9206916447342734e-02
0.0000000000000000e+00
-5.8716950358522008e-02
7.4830075065434626e-02
5.3796541230982986e-02
1.0455502976429128e-01
-8.1014647230461671e-17
2.0232068644087631e-01
-1.9230581860169926e-01
-1.7835116113883012e+00
-1.0455502976429157e-01
-2.6165961236071678e-01
-3.4119746575129239e-01
1.7297150701573187e+00
2.2390734375332300e-01
4.5867320928755673e-01
-1.0585146747496041e-01
1.0585146747496064e-01
-1.1935231398903140e-01
3.1545615359169854e-01
-1.2749061137544102e-01
7.2670928820905097e-18
-5.6322823905184760e-01
-1.4423141456370094e+00
0.0000000000000000e+00
1.2749061137544154e-01
-5.2735593669694936e-16
1.4423141456370092e+00
-3.1545615359169921e-01
5.6322823905184849e-01
1.1935231398903148e-01
-1.0585146747496078e-01
1.0585146747496113e-01
-4.5867320928755662e-01
-1.7297150701573187e+00
1.0455502976429154e-01
2.2107832689310743e-16
-2.2390734375332333e-01
3.4119746575129184e-01
1.7835116113883003e+00
-1.0455502976429158e-01
2.6165961236071666e-01
1.9230581860170171e-01
-5.3796541230982736e-02
-2.0232068644087695e-01
-7.4830075065435347e-02
5.8716950358522063e-02
-1.7183301621653485e-01
5.0395583729845672e-01
-3.6526338614718806e-01
1.2629332713698602e-01
1.8889226309623824e-16
5.1550600764768051e-01
-2.1934065237573583e+00
-4.3334636246603564e-01
-1.2629332713698610e-01
-3.9933299756241558e-01
1.7891195586930919e+00
7.9860974861322354e-01
6.2885821597609415e-02
-9.9668872234190548e-02
-7.2258154663389917e-03
7.2258154663394367e-03
6.3407505539376491e-02
3.4069611415226686e-02
-1.1550170349223014e-02
1.7660274511136167e-17
-2.6624454902795920e-02
-2.2224659211591269e+00
0.0000000000000000e+00
1.1550170349223348e-02
4.1112946380650328e-16
2.2224659211591269e+00
-3.4069611415227012e-02
2.6624454902795677e-02
-6.3407505539376671e-02
-7.2258154663394211e-03
7.2258154663397689e-03
9.9668872234189923e-02
-7.9860974861322376e-01
1.2629332713698621e-01
1.5373664717408660e-16
-6.2885821597609692e-02
-1.7891195586930908e+00
4.3334636246603431e-01
-1.2629332713698610e-01
3.9933299756241569e-01
2.1934065237573592e+00
3.6526338614718834e-01
-5.1550600764768106e-01
-5.0395583729845739e-01
1.7183301621653529e-01
-6.8531700206800439e-01
-1.8353637299713899e+00
6.4273737628871574e-01
-1.2777315380566323e-01
2.0254050417043438e-16
5.2620805558002148e-01
1.8700175856091887e+00
-6.5435219806991407e-01
1.2777315380566262e-01
3.3912937950481159e-01
-1.9127281812544528e-02
1.1614821781198577e-02
-2.3378101767118725e-01
-1.5526573825253895e-02
5.3760584654358345e-02
-5.3760584654356687e-02
1.0600786386551643e-01
3.0360799678391864e-01
-2.3615717855514200e+00
-2.1803892382276697e-17
1.4329972763091575e-01
-6.3522491625736333e-01
-1.3544720900426910e-14
2.3615717855514196e+00
5.9674487573602164e-16
6.3522491625737021e-01
-3.0360799678390454e-01
-1.4329972763091736e-01
-1.0600786386552379e-01
5.3760584654358061e-02
-5.3760584654356736e-02
1.5526573825252505e-02
-1.1614821781198326e-02
-1.2777315380566343e-01
1.5847032163031821e-17
2.3378101767117954e-01
1.9127281812551255e-02
6.5435219806991540e-01
1.2777315380566351e-01
-3.3912937950479699e-01
-1.8700175856091992e+00
-6.4273737628871674e-01
-5.2620805558003447e-01
1.8353637299713950e+00
6.8531700206800861e-01
1.7722623504827018e-01
-9.9831395181152704e-01
1.5410921507735592e-01
-3.3232846190229523e-02
1.1850687627006117e-16
-8.2071718819079309e-01
-3.7341856011177815e-01
-1.1794416745597808e-01
3.3232846190229398e-02
1.2101641399243845e+00
1.6623695962450469e+00
-3.6165047621378017e-02
-7.4471369256488484e-01
-2.9063708432174151e-01
1.7804050578302311e-01
-1.7804050578302286e-01
7.1148084637465492e-01
-1.0560549248470286e+00
-1.7759676362073396e-01
1.0479895564163519e-16
3.2386993051197055e-01
-1.7803137637010245e+00
0.0000000000000000e+00
1.7759676362073323e-01
7.4940054162198066e-16
1.7803137637010249e+00
1.0560549248470292e+00
-3.2386993051197155e-01
-7.1148084637465547e-01
1.7804050578302300e-01
-1.7804050578302255e-01
2.9063708432174118e-01
3.6165047621378232e-02
-3.3232846190229461e-02
-9.3912742573936549e-17
7.4471369256488495e-01
-1.6623695962450471e+00
1.1794416745597758e-01
3.3232846190229932e-02
-1.2101641399243852e+00
3.7341856011177832e-01
-1.5410921507735609e-01
8.2071718819079353e-01
9.9831395181152738e-01
-1.7722623504827051e-01
-3.0944265203153458e+00
-7.5257098002383427e-01
2.9773343271699659e-01
-5.7142119411643454e-02
2.1457074928217993e-16
5.6269512296507820e+00
1.0003968427360892e+00
-3.3380193969332872e-01
5.7142119411643044e-02
-3.9535186199372072e+00
-2.9558087989939763e-01
3.6068506976332577e-02
1.7518669603531514e+00
4.7755017187142222e-02
-3.3087304975138032e-01
3.3087304975137799e-01
-1.8090090797647809e+00
4.2512520526541762e+00
-6.3795222096746000e+00
-8.6028383831602321e-16
9.3871022245010406e-03
-3.8221059793937154e-02
2.1309343178899098e-14
6.3795222096746009e+00
6.4184768611141862e-17
3.8221059793922214e-02
-4.2512520526541957e+00
-9.3871022244987577e-03
1.8090090797647937e+00
-3.3087304975138127e-01
3.3087304975137855e-01
-4.7755017187143575e-02
-3.6068506976330794e-02
-5.7142119411644147e-02
6.0810626835938363e-17
-1.7518669603531389e+00
2.9558087989939802e-01
3.3380193969332750e-01
5.7142119411643780e-02
3.9535186199371815e+00
-1.0003968427360888e+00
-2.9773343271699659e-01
-5.6269512296507589e+00
7.5257098002383449e-01
3.0944265203153378e+00
3.4222049154684964e-01
-9.5591477924447044e-01
7.5812726267451647e-01
2.8868481387445567e-02
1.4350642798141700e-16
-9.0230039087724834e-01
2.9416805188557138e+00
-3.4655362715097549e+00
-2.8868481387446306e-02
6.3553411491677259e-01
-3.1106683195003781e+00
2.7074090088352389e+00
8.2415860906440638e-02
1.1249025798891357e+00
-1.5787007649281512e-01
1.5787007649281509e-01
-5.3547379518993625e-02
1.2259314775774141e-01
-5.3614388367222064e-02
-1.2516730454795269e-16
-1.1537710612765868e+00
-3.5486795200937077e-01
1.1102230246251565e-16
5.3614388367222578e-02
3.9968028886505635e-15
3.5486795200937049e-01
-1.2259314775774184e-01
1.1537710612765828e+00
5.3547379518993632e-02
-1.5787007649281487e-01
1.5787007649281543e-01
-1.1249025798891426e+00
-2.7074090088352429e+00
2.8868481387445560e-02
8.4169034261729554e-17
-8.2415860906439486e-02
3.1106683195004003e+00
3.4655362715097642e+00
-2.8868481387446639e-02
-6.3553411491678002e-01
-2.9416805188557356e+00
-7.5812726267451946e-01
9.0230039087725600e-01
9.5591477924447743e-01
-3.4222049154685202e-01
-8.9322031105146416e-02
3.1871086646475677e-01
-8.5431677540327100e-02
-3.8201099987233618e+00
-6.9630264066269879e-17
1.3225432421969205e-01
-8.5639623866587589e-01
3.4582580149352045e+00
3.8201099987233613e+00
1.0395853458412568e-01
-1.1622581925702922e+00
-3.3728263373948755e+00
2.0424149196984184e-01
1.6999435647714107e+00
-3.5113231966851399e-01
-8.9322031105146804e-02
8.1796592631118957e-03
8.3303349726700227e-04
-5.0809297962448506e-02
3.9555927486138101e-17
4.4278553142133847e-01
-2.8030506791689332e-02
2.3045508707646500e-01
5.0809297962448381e-02
-8.1067190832765568e-01
-4.5492763529224128e-01
-2.3128812057373185e-01
-1.0445868382103825e+00
4.7477848282081869e-01
1.5017952462218465e+00
-1.5017952462218394e+00
-2.7755231605129849e+00
7.2524023078732702e-01
-1.2407466495658111e-01
1.4120643531269513e-16
3.3453315159025303e+00
3.9131856502274567e+00
-8.2836573187418594e-01
1.2407466495658004e-01
-3.1415382168211381e+00
-1.3927132796467627e+00
1.0312550108686031e-01
1.6491342668089608e+00
2.5505078993229080e-01
-3.5113231966851366e-01
-1.5017952462218411e+00
-4.7477848282081714e-01
2.3128812057373174e-01
-5.0809297962448409e-02
2.0500669589665518e-16
1.0445868382103669e+00
4.5492763529223890e-01
-2.3045508707646517e-01
5.0809297962447507e-02
8.1067190832767055e-01
2.8030506791690724e-02
-8.3303349726567564e-04
-4.4278553142134452e-01
-8.1796592631125150e-03
8.9322031105147970e-02
3.5113231966851410e-01
-2.5505078993229180e-01
-1.0312550108685781e-01
-1.2407466495658190e-01
-3.0806021835834942e-16
-1.6491342668089610e+00
1.3927132796467616e+00
8.2836573187418683e-01
1.2407466495658176e-01
3.1415382168211385e+00
-3.9131856502274558e+00
-7.2524023078732780e-01
-3.3453315159025321e+00
2.7755231605129853e+00
1.5017952462218402e+00
3.5113231966851466e-01
-1.6999435647714090e+00
3.3728263373948706e+00
-3.8201099987233489e+00
-2.0217640536768606e-15
-2.0424149196984501e-01
1.1622581925702966e+00
-3.4582580149352142e+00
3.8201099987233502e+00
-1.0395853458412366e-01
8.5639623866587522e-01
8.5431677540344822e-02
-1.3225432421969388e-01
-3.1871086646476332e-01
8.9322031105147817e-02
-1.5040967697270505e-01
8.3776652915283589e-01
-2.3191866274743531e+00
-7.4957178538532288e-01
1.1837946719947721e-16
9.0875745652560902e-02
-8.4453202279450512e-01
2.8854540762101215e+00
7.4957178538532188e-01
1.2113022933385624e-01
-1.9358024351991299e-01
-5.6626744873576684e-01
-4.1413321960252131e-02
2.0034573716158158e-01
-2.0182976053460096e-02
-1.5040967697270480e-01
1.1722782366673185e-01
1.3328438327948292e-01
-1.2583545224350093e-01
-5.8375841277603040e-17
8.1141445113866584e-01
-1.0337861603245468e+00
3.4091278267001179e-01
1.2583545224350165e-01
-2.1420866438899391e+00
1.6145018156004098e-01
-4.7419716594949551e-01
1.5243612133580808e+00
7.5510815509777407e-01
-4.3279343634102574e-02
4.3279343634102643e-02
-2.2739329987434034e+00
-1.7709998358441459e-01
2.6352078014170336e-02
9.7626535072240101e-17
-5.5363697124518052e-03
2.7240038946500804e+00
1.8925413753004205e-01
-2.6352078014171380e-02
-9.2070282786271884e-02
-5.3449302618992567e-01
-1.2154153945626392e-02
7.4510284918080358e-02
8.4422130283249089e-02
-2.0182976053459936e-02
4.3279343634102130e-02
-7.5510815509777374e-01
4.7419716594949479e-01
-1.2583545224350090e-01
-8.2346975540716596e-17
-1.5243612133580804e+00
-1.6145018156004098e-01
-3.4091278267001213e-01
1.2583545224350112e-01
2.1420866438899391e+00
1.0337861603245466e+00
-1.3328438327948283e-01
-8.1141445113866606e-01
-1.1722782366673203e-01
1.5040967697270524e-01
2.0182976053460297e-02
-8.4422130283249727e-02
1.2154153945628465e-02
2.6352078014169687e-02
-1.4456213821394556e-16
-7.4510284918082120e-02
5.3449302618992633e-01
-1.8925413753004150e-01
-2.6352078014170052e-02
9.2070282786273744e-02
-2.7240038946500826e+00
1.7709998358441473e-01
5.5363697124506056e-03
2.2739329987434047e+00
-4.3279343634102629e-02
2.0182976053460644e-02
-2.0034573716158202e-01
5.6626744873576729e-01
-7.4957178538532254e-01
-4.7952604414751061e-16
4.1413321960251492e-02
1.9358024351991299e-01
-2.8854540762101202e+00
7.4957178538532254e-01
-1.2113022933385467e-01
8.4453202279450501e-01
2.3191866274743531e+00
-9.0875745652562290e-02
-8.3776652915283634e-01
1.5040967697270574e-01
3.8705790824099290e-01
-1.4928942372924614e+00
2.1133578483909696e+00
-1.2311053283640627e+00
-3.6398452798068265e-16
-5.9620471788622897e-01
2.6532566892373515e+00
-5.3918390175558226e+00
1.2311053283640614e+00
4.8308841433522126e-02
-3.2463939897912564e-01
3.2784811691648565e+00
3.6802219347424045e-02
-8.3572305296576566e-01
1.2403574886428941e-01
3.8705790824099351e-01
-6.3541163433357173e-01
8.9327533318636299e-02
5.6486720545465711e-02
-3.2908614634476654e-16
-1.4536873208451184e+00
2.7496263807469687e+00
-5.5347202542079943e-01
-5.6486720545467106e-02
1.9759694649962380e+00
-5.3624467065125270e+00
4.6414449210216635e-01
-1.0513495141637272e+00
3.2482319600991287e+00
1.4200946177161411e-01
-1.4200946177161522e-01
-1.7975581420033496e-01
1.3738838339473033e-01
-3.9206916447342699e-02
-5.7896055518079269e-17
-2.0171266317350645e+00
-2.9392311043299198e-02
-9.6369691509617189e-02
3.9206916447342810e-02
2.8143366770626894e+00
2.2883262644167632e-01
-4.1018691885113277e-02
-7.7923633242029877e-01
-1.9684501198042267e-02
1.2403574886428914e-01
-1.4200946177161522e-01
-3.2482319600991274e+00
-4.6414449210216557e-01
5.6486720545465635e-02
5.9972333025444630e-16
1.0513495141637277e+00
5.3624467065125252e+00
5.5347202542080343e-01
-5.6486720545468348e-02
-1.9759694649962389e+00
-2.7496263807469701e+00
-8.9327533318634425e-02
1.4536873208451193e+00
6.3541163433357195e-01
-3.8705790824099373e-01
-1.2403574886428936e-01
1.9684501198042485e-02
4.1018691885112972e-02
-3.9206916447342678e-02
-2.6380188767357550e-17
7.7923633242029844e-01
-2.2883262644167640e-01
9.6369691509617411e-02
3.9206916447342983e-02
-2.8143366770626894e+00
2.9392311043298730e-02
-1.3738838339473039e-01
2.0171266317350653e+00
1.7975581420033471e-01
1.4200946177161500e-01
-1.2403574886429025e-01
8.3572305296576577e-01
-3.2784811691648552e+00
-1.2311053283640636e+00
9.0076366903068736e-16
-3.6802219347425336e-02
3.2463939897912392e-01
5.3918390175558280e+00
1.2311053283640618e+00
-4.8308841433520600e-02
-2.6532566892373537e+00
-2.1133578483909696e+00
5.9620471788622909e-01
1.4928942372924625e+00
-3.8705790824099373e-01
8.8694050812374997e-02
8.8694050812374997e-02
8.8694050812374997e-02
8.3486638970495006e-02
8.3486638970495006e-02
8.3486638970495006e-02
6.1949370456958003e-02
6.1949370456958003e-02
6.1949370456958003e-02
9.6926744607804996e-02
9.6926744607804996e-02
9.6926744607804996e-02
1.6284715813394000e-02
1.6284715813394000e-02
1.6284715813394000e-02
4.7730162209543001e-02
4.7730162209543001e-02
4.7730162209543001e-02
3.0740478172077000e-02
3.0740478172077000e-02
3.0740478172077000e-02
3.0740478172077000e-02
3.0740478172077000e-02
3.0740478172077000e-02
7.3364295183933004e-02
7.3364295183933004e-02
7.3364295183933004e-02
7.3364295183933004e-02
7.3364295183933004e-02
7.3364295183933004e-02
3.1692718542037999e-02
3.1692718542037999e-02
3.1692718542037999e-02
3.1692718542037999e-02
3.1692718542037999e-02
3.1692718542037999e-02
-4.0470155072430278e-02
1.6078662987407080e-02
1.6078662987406966e-02
-2.9376302836768625e-03
2.3406161239601677e-02
2.3406161239601604e-02
2.7672410249802788e-02
-4.0677720272569773e-02
-4.0677720272569544e-02
-1.7727695460283601e-02
-8.7266143427229010e-03
-8.7266143427227293e-03
6.3747643520241060e-01
-2.0711887452615787e-02
-2.0711887452615905e-02
-1.9482193163793227e-02
3.7763407782899841e-03
3.7763407782898523e-03
-3.8611213769303494e-02
-3.8611213769303335e-02
1.9207005642848762e-01
1.9207005642848782e-01
-1.8498918310974034e-02
-1.8498918310974072e-02
6.3259486503824142e-03
6.3259486503826241e-03
-4.1043814314676096e-02
-4.1043814314676033e-02
-4.1549435531681368e-02
-4.1549435531681542e-02
-1.4383973669644504e-02
-1.4383973669644362e-02
-3.6904585971519778e-02
-3.6904585971519868e-02
1.2887436099411320e-02
1.2887436099411087e-02
1.1281296298872105e-01
-2.4074274134965327e-02
-9.2517892696808587e-02
8.7628031546596007e-03
-6.0955962779827892e-02
-9.5815345747071637e-02
5.3504812588824746e-01
1.9764860837489384e-01
2.8948849618216695e-02
7.9854581825750684e-02
3.6580068551552679e-02
1.4942811914453586e-02
3.1992768201383331e-01
1.0855298020928185e-01
2.8656293070039320e-03
5.2367983419392562e-02
-1.3422448388747364e-03
-2.8197358968007520e-02
2.1106523481025707e-01
5.4169527452478990e-03
9.7499330095969017e-01
1.6678147268803409e-01
1.2967879238139277e-02
8.6432442986981189e-02
-3.3756342694058514e-02
-4.7234909145562783e-03
4.0460379429343407e-01
1.3435735565793161e-01
6.7923449664235178e-02
1.6119201858424154e-01
5.4109184657868049e-02
2.3030168244381484e-02
4.0018936752891060e-02
7.2315207131521997e-01
-1.8361861043124966e-03
-7.7956918566065195e-02
-8.4609722241540883e-02
-8.4609722241540716e-02
4.6393360844829934e-01
-6.5721023659947499e-03
-6.5721023659946753e-03
1.5405356270137982e-01
-4.0128609441618557e-01
-4.0128609441618612e-01
1.5351593236308018e-02
-5.9890936369312912e-02
-5.9890936369313037e-02
2.0509904503297769e-03
-2.3994576151037486e-01
-2.3994576151037864e-01
2.0357497663715022e-03
-3.9275987564544430e-02
-3.9275987564543757e-02
8.6739075150659783e-01
-5.1058520422897324e-01
4.9786518370871519e-03
-5.1058520422897202e-01
-1.6283196555529175e-01
4.9786518370871155e-03
-1.6283196555529181e-01
8.5924692981546660e-02
-4.9381190702175439e-03
8.5924692981546716e-02
-2.3006916811772976e-01
-4.9381190702176099e-03
-2.3006916811772996e-01
-7.3831668798867017e-02
-3.1207213012329378e-03
-7.3831668798866601e-02
2.4942838374659682e-01
-3.1207213012328793e-03
2.4942838374659682e-01
-2.4074274134965316e-02
1.1281296298872093e-01
-9.2517892696808768e-02
-6.0955962779827962e-02
8.7628031546594862e-03
-9.5815345747071817e-02
1.9764860837489337e-01
5.3504812588824702e-01
2.8948849618216508e-02
3.6580068551552415e-02
7.9854581825750531e-02
1.4942811914453588e-02
1.0855298020928020e-01
3.1992768201383825e-01
2.8656293070038982e-03
-1.3422448388749012e-03
5.2367983419391570e-02
-2.8197358968008585e-02
9.7499330095968939e-01
1.2967879238139175e-02
2.1106523481025649e-01
8.6432442986981078e-02
5.4169527452478314e-03
1.6678147268803403e-01
4.0460379429343396e-01
6.7923449664235108e-02
-3.3756342694058708e-02
1.6119201858424126e-01
-4.7234909145563104e-03
1.3435735565793150e-01
4.0018936752891109e-02
-1.8361861043125569e-03
5.4109184657867612e-02
-7.7956918566065209e-02
2.3030168244381342e-02
7.2315207131521997e-01
1.6078662987407163e-02
-4.0470155072430257e-02
1.6078662987407195e-02
2.3406161239601844e-02
-2.9376302836767437e-03
2.3406161239601847e-02
-4.0677720272569592e-02
2.7672410249803513e-02
-4.0677720272569641e-02
-8.7266143427227154e-03
-1.7727695460283396e-02
-8.7266143427227449e-03
-2.0711887452615391e-02
6.3747643520240771e-01
-2.0711887452615457e-02
3.7763407782901524e-03
-1.9482193163793002e-02
3.7763407782902005e-03
1.9207005642848934e-01
-1.8498918310974024e-02
-3.8611213769303369e-02
-1.8498918310973909e-02
-3.8611213769303453e-02
1.9207005642848787e-01
-4.1043814314675943e-02
-4.1549435531681479e-02
6.3259486503825929e-03
-4.1549435531681410e-02
6.3259486503825244e-03
-4.1043814314675908e-02
-3.6904585971519722e-02
1.2887436099411096e-02
-1.4383973669644334e-02
1.2887436099411164e-02
-1.4383973669644431e-02
-3.6904585971519736e-02
1.1281296298872098e-01
-9.2517892696808671e-02
-2.4074274134965552e-02
8.7628031546594723e-03
-9.5815345747071831e-02
-6.0955962779828066e-02
5.3504812588824757e-01
2.8948849618216404e-02
1.9764860837489370e-01
7.9854581825750462e-02
1.4942811914453440e-02
3.6580068551552415e-02
3.1992768201383309e-01
2.8656293070035287e-03
1.0855298020928211e-01
5.2367983419392528e-02
-2.8197358968007465e-02
-1.3422448388749463e-03
5.4169527452476683e-03
2.1106523481025705e-01
1.6678147268803420e-01
9.7499330095969017e-01
8.6432442986981231e-02
1.2967879238138779e-02
-4.7234909145564899e-03
-3.3756342694058597e-02
1.3435735565793133e-01
4.0460379429343402e-01
1.6119201858424131e-01
6.7923449664234997e-02
2.3030168244381328e-02
5.4109184657867918e-02
7.2315207131521986e-01
4.0018936752890900e-02
-7.7956918566065223e-02
-1.8361861043126623e-03
-3.8905763954319916e-01
5.5510735618085205e-01
5.5510735618085172e-01
-3.8551188385298550e-02
5.7489207448243118e-01
5.7489207448243096e-01
6.6499865354728260e-01
-1.7369309770929933e-01
-1.7369309770929922e-01
1.0694706248239536e+00
-8.9656871486721051e-02
-8.9656871486720718e-02
5.3498081581009223e-02
-1.7193775842022495e-02
-1.7193775842022536e-02
-1.6093433161141465e-01
1.6918415380804896e-01
1.6918415380804880e-01
-3.7118095074170014e-02
-3.7118095074170208e-02
1.8214017842792674e-01
1.8214017842792637e-01
-6.9200773183138956e-02
-6.9200773183138775e-02
3.9442032810359053e-02
3.9442032810359129e-02
7.7434117861742024e-01
7.7434117861742036e-01
-3.1803010061663056e-01
-3.1803010061663078e-01
-9.8554989557688960e-02
-9.8554989557688863e-02
1.8553742961009440e-01
1.8553742961009428e-01
1.8425433542868234e-02
1.8425433542868141e-02
5.5510735618085161e-01
-3.8905763954319933e-01
5.5510735618085205e-01
5.7489207448243074e-01
-3.8551188385298737e-02
5.7489207448243118e-01
-1.7369309770929922e-01
6.6499865354728094e-01
-1.7369309770929850e-01
-8.9656871486720899e-02
1.0694706248239538e+00
-8.9656871486720927e-02
-1.7193775842022242e-02
5.3498081581010194e-02
-1.7193775842022679e-02
1.6918415380805163e-01
-1.6093433161141205e-01
1.6918415380804847e-01
1.8214017842792601e-01
-6.9200773183138595e-02
-3.7118095074170299e-02
-6.9200773183138886e-02
-3.7118095074170014e-02
1.8214017842792615e-01
7.7434117861742013e-01
-3.1803010061663062e-01
3.9442032810359115e-02
-3.1803010061663067e-01
3.9442032810359136e-02
7.7434117861742024e-01
1.8553742961009489e-01
1.8425433542868318e-02
-9.8554989557688891e-02
1.8425433542867974e-02
-9.8554989557688613e-02
1.8553742961009412e-01
-9.2517892696808657e-02
1.1281296298872087e-01
-2.4074274134965438e-02
-9.5815345747071887e-02
8.7628031546594150e-03
-6.0955962779828114e-02
2.8948849618216529e-02
5.3504812588824957e-01
1.9764860837489381e-01
1.4942811914453413e-02
7.9854581825750504e-02
3.6580068551552457e-02
2.8656293070036900e-03
3.1992768201383248e-01
1.0855298020928032e-01
-2.8197358968008700e-02
5.2367983419391487e-02
-1.3422448388748392e-03
1.6678147268803478e-01
8.6432442986981384e-02
5.4169527452477715e-03
1.2967879238138984e-02
2.1106523481025677e-01
9.7499330095969061e-01
1.3435735565793144e-01
1.6119201858424137e-01
-4.7234909145564101e-03
6.7923449664234956e-02
-3.3756342694058653e-02
4.0460379429343407e-01
7.2315207131521919e-01
-7.7956918566065111e-02
2.3030168244381151e-02
-1.8361861043124806e-03
5.4109184657867723e-02
4.0018936752891032e-02
-8.4609722241540813e-02
4.6393360844829939e-01
-8.4609722241540647e-02
-6.5721023659946658e-03
1.5405356270137990e-01
-6.5721023659946406e-03
-4.0128609441618557e-01
1.5351593236308411e-02
-4.0128609441618607e-01
-5.9890936369312912e-02
2.0509904503299425e-03
-5.9890936369312968e-02
-2.3994576151037467e-01
2.0357497663717685e-03
-2.3994576151037902e-01
-3.9275987564544465e-02
8.6739075150659795e-01
-3.9275987564543639e-02
4.9786518370873193e-03
-5.1058520422897324e-01
-1.6283196555529181e-01
-5.1058520422897202e-01
-1.6283196555529217e-01
4.9786518370876689e-03
-4.9381190702174338e-03
8.5924692981546216e-02
-2.3006916811772971e-01
8.5924692981546563e-02
-2.3006916811772993e-01
-4.9381190702173115e-03
-3.1207213012326147e-03
-7.3831668798867073e-02
2.4942838374659690e-01
-7.3831668798866448e-02
2.4942838374659670e-01
-3.1207213012327600e-03
5.5510735618085150e-01
5.5510735618085161e-01
-3.8905763954319933e-01
5.7489207448243096e-01
5.7489207448243096e-01
-3.8551188385298675e-02
-1.7369309770929939e-01
-1.7369309770929867e-01
6.6499865354728060e-01
-8.9656871486720982e-02
-8.9656871486720829e-02
1.0694706248239534e+00
-1.7193775842022797e-02
-1.7193775842023092e-02
5.3498081581009466e-02
1.6918415380805152e-01
1.6918415380804802e-01
-1.6093433161141235e-01
-6.9200773183138831e-02
1.8214017842792557e-01
-6.9200773183139178e-02
-3.7118095074170368e-02
1.8214017842792621e-01
-3.7118095074170479e-02
-3.1803010061663056e-01
7.7434117861741991e-01
-3.1803010061663078e-01
3.9442032810358935e-02
7.7434117861741958e-01
3.9442032810359080e-02
1.8425433542868162e-02
1.8553742961009448e-01
1.8425433542867978e-02
-9.8554989557688807e-02
1.8553742961009367e-01
-9.8554989557688807e-02
4.6393360844829962e-01
-8.4609722241540661e-02
-8.4609722241540744e-02
1.5405356270137993e-01
-6.5721023659945366e-03
-6.5721023659946276e-03
1.5351593236308213e-02
-4.0128609441618657e-01
-4.0128609441618646e-01
2.0509904503299716e-03
-5.9890936369313030e-02
-5.9890936369312836e-02
2.0357497663714545e-03
-2.3994576151037464e-01
-2.3994576151037492e-01
8.6739075150659550e-01
-3.9275987564543632e-02
-3.9275987564543639e-02
-1.6283196555529222e-01
-1.6283196555529247e-01
4.9786518370872369e-03
4.9786518370874043e-03
-5.1058520422897236e-01
-5.1058520422897247e-01
-2.3006916811772984e-01
-2.3006916811772982e-01
-4.9381190702174607e-03
-4.9381190702172872e-03
8.5924692981546674e-02
8.5924692981546452e-02
2.4942838374659670e-01
2.4942838374659643e-01
-3.1207213012326390e-03
-3.1207213012328888e-03
-7.3831668798866712e-02
-7.3831668798866643e-02
-2.4074274134965476e-02
-9.2517892696808685e-02
1.1281296298872087e-01
-6.0955962779828135e-02
-9.5815345747071887e-02
8.7628031546593734e-03
1.9764860837489345e-01
2.8948849618216383e-02
5.3504812588824713e-01
3.6580068551552408e-02
1.4942811914453407e-02
7.9854581825750531e-02
1.0855298020928013e-01
2.8656293070038379e-03
3.1992768201383892e-01
-1.3422448388749086e-03
-2.8197358968008679e-02
5.2367983419391549e-02
1.2967879238139086e-02
9.7499330095968961e-01
8.6432442986981134e-02
2.1106523481025652e-01
1.6678147268803459e-01
5.4169527452476796e-03
6.7923449664235025e-02
4.0460379429343435e-01
1.6119201858424123e-01
-3.3756342694058722e-02
1.3435735565793155e-01
-4.7234909145565298e-03
-1.8361861043127523e-03
4.0018936752891324e-02
-7.7956918566065236e-02
5.4109184657867647e-02
7.2315207131521997e-01
2.3030168244381369e-02
-9.2517892696808712e-02
-2.4074274134965344e-02
1.1281296298872102e-01
-9.5815345747071790e-02
-6.0955962779827982e-02
8.7628031546595642e-03
2.8948849618216557e-02
1.9764860837489384e-01
5.3504812588824957e-01
1.4942811914453581e-02
3.6580068551552616e-02
7.9854581825750517e-02
2.8656293070039680e-03
1.0855298020928029e-01
3.1992768201383265e-01
-2.8197358968008693e-02
-1.3422448388747290e-03
5.2367983419391674e-02
8.6432442986981300e-02
1.6678147268803487e-01
1.2967879238139239e-02
5.4169527452477611e-03
9.7499330095969028e-01
2.1106523481025680e-01
1.6119201858424148e-01
1.3435735565793164e-01
6.7923449664235164e-02
-4.7234909145563702e-03
4.0460379429343440e-01
-3.3756342694058541e-02
-7.7956918566065070e-02
7.2315207131521975e-01
-1.8361861043126009e-03
2.3030168244381418e-02
4.0018936752891004e-02
5.4109184657867779e-02
1.6078662987407195e-02
1.6078662987407139e-02
-4.0470155072430292e-02
2.3406161239601826e-02
2.3406161239601812e-02
-2.9376302836767697e-03
-4.0677720272569572e-02
-4.0677720272569641e-02
2.7672410249803461e-02
-8.7266143427227327e-03
-8.7266143427227605e-03
-1.7727695460283424e-02
-2.0711887452615527e-02
-2.0711887452615610e-02
6.3747643520240771e-01
3.7763407782902087e-03
3.7763407782901047e-03
-1.9482193163793002e-02
-1.8498918310974041e-02
1.9207005642848932e-01
-1.8498918310974014e-02
-3.8611213769303390e-02
1.9207005642848768e-01
-3.8611213769303501e-02
-4.1549435531681472e-02
-4.1043814314675957e-02
-4.1549435531681445e-02
6.3259486503825443e-03
-4.1043814314675957e-02
6.3259486503825443e-03
1.2887436099411165e-02
-3.6904585971519750e-02
1.2887436099411127e-02
-1.4383973669644431e-02
-3.6904585971519716e-02
-1.4383973669644376e-02
