6.6666666666666652e-02
-1.1034875346064993e-17
-1.1111111111111124e-02
-6.6267262673113232e-18
-4.4444444444444453e-02
-1.1111111111111110e-02
-9.2142918473146048e-18
3.5555555555555574e-01
-1.4994845465657734e-17
1.7777777777777795e-01
1.7777777777777792e-01
-4.4444444444444474e-02
-1.1111111111111122e-02
-1.7340518400959273e-17
6.6666666666666666e-02
-4.4444444444444467e-02
-7.6848263966351961e-18
-1.1111111111111113e-02
2.1333269838875079e-18
1.7777777777777795e-01
-4.4444444444444467e-02
3.5555555555555574e-01
1.7777777777777792e-01
-1.3459522508877354e-17
-4.4444444444444453e-02
1.7777777777777795e-01
-7.0438200330315186e-18
1.7777777777777792e-01
3.5555555555555574e-01
-1.3102936266863858e-17
-1.1111111111111112e-02
-4.4444444444444481e-02
-1.1111111111111115e-02
-1.3459522508877353e-17
-1.3102936266863860e-17
6.6666666666666680e-02
-1.4999999999999998e+00
1.9999999999999996e+00
-4.9999999999999978e-01
0.0000000000000000e+00
0.0000000000000000e+00
0.0000000000000000e+00
-5.0000000000000000e-01
-0.0000000000000000e+00
5.0000000000000000e-01
0.0000000000000000e+00
0.0000000000000000e+00
0.0000000000000000e+00
4.9999999999999978e-01
-1.9999999999999996e+00
1.4999999999999998e+00
0.0000000000000000e+00
0.0000000000000000e+00
0.0000000000000000e+00
-4.9999999999999978e-01
9.9999999999999978e-01
-5.0000000000000000e-01
-1.0000000000000000e+00
1.0000000000000000e+00
0.0000000000000000e+00
5.0000000000000000e-01
-9.9999999999999978e-01
4.9999999999999978e-01
-1.0000000000000000e+00
1.0000000000000000e+00
0.0000000000000000e+00
5.0000000000000000e-01
-0.0000000000000000e+00
-5.0000000000000000e-01
-1.9999999999999996e+00
1.9999999999999996e+00
0.0000000000000000e+00
-1.5000000000000000e+00
-1.0810563456867762e-16
1.0574170364108076e-16
2.0000000000000000e+00
-1.6747652892626934e-16
-4.9999999999999989e-01
-4.9999999999999989e-01
-1.0000000000000000e+00
2.4651903288156619e-32
1.0000000000000000e+00
9.9999999999999978e-01
-4.9999999999999989e-01
4.9999999999999967e-01
-1.9999999999999991e+00
-5.5511151231257827e-16
-2.2204460492503131e-16
2.0000000000000000e+00
-4.9999999999999989e-01
-4.9999999999999994e-01
-5.4052817284338811e-17
5.7780728883127689e-17
5.3087932400807699e-17
-1.2560739669470200e-16
5.0000000000000000e-01
4.9999999999999978e-01
-9.9999999999999956e-01
-2.2204460492503131e-16
-1.0000000000000000e+00
1.0000000000000000e+00
5.0000000000000000e-01
4.9999999999999994e-01
5.4052817284338811e-17
1.9213900664084191e-16
-2.0000000000000000e+00
-5.0242958677880801e-16
1.5000000000000002e+00
-3.0000000000000000e+00
-2.0000000000000000e+00
1.5000000000000009e+00
-2.0000000000000009e+00
4.0000000000000009e+00
1.5000000000000000e+00
1.1250000000000000e+00
0.0000000000000000e+00
-1.1250000000000002e+00
1.5000000000000000e+00
-1.5000000000000002e+00
4.7876525544997509e-17
-1.5000000000000011e+00
1.9999999999999991e+00
3.0000000000000009e+00
-4.0000000000000018e+00
2.0000000000000004e+00
-1.5000000000000000e+00
-1.6943584034871908e-16
-1.0000000000000016e+00
1.1250000000000004e+00
-4.0000000000000018e+00
-2.5000000000000013e+00
-1.1250000000000000e+00
-1.1250000000000000e+00
1.0000000000000013e+00
9.1377187144853101e-17
2.5000000000000009e+00
4.0000000000000018e+00
1.1250000000000000e+00
0.0000000000000000e+00
0.0000000000000000e+00
0.0000000000000000e+00
0.0000000000000000e+00
0.0000000000000000e+00
0.0000000000000000e+00
-2.9999999999999996e+00
-2.0000000000000018e+00
1.5000000000000000e+00
-2.0000000000000009e+00
3.9999999999999996e+00
1.5000000000000007e+00
4.5986943405861893e-17
-4.0000000000000027e+00
-1.1250000000000000e+00
-1.0000000000000013e+00
-2.5000000000000009e+00
1.1250000000000007e+00
-3.3770987661807736e-16
-1.3352372209941354e-15
-1.3082617357227138e-16
-6.8690799925789756e-16
-6.0015766365657649e-16
6.1302649183278979e-16
1.1249999999999998e+00
1.5000000000000000e+00
-7.8122267604250186e-17
7.2820769389290692e-18
-1.5000000000000004e+00
-1.1250000000000002e+00
-1.1250000000000002e+00
2.5000000000000018e+00
1.1250000000000000e+00
1.0000000000000016e+00
4.0000000000000018e+00
-4.1448326252672516e-16
-1.5000000000000000e+00
-4.0000000000000027e+00
-1.5000000000000002e+00
1.9999999999999996e+00
1.9999999999999998e+00
3.0000000000000013e+00
4.5000000000000000e+00
2.0000000000000022e+00
-4.9999999999999967e-01
1.0000000000000018e+00
4.0000000000000027e+00
1.0000000000000004e+00
4.5000000000000009e+00
2.0000000000000031e+00
-5.0000000000000022e-01
5.0000000000000022e-01
5.0000000000000018e+00
5.0000000000000022e-01
-6.2500000000000044e-01
-1.5000000000000009e+00
6.2500000000000044e-01
-6.2500000000000067e-01
-1.5000000000000009e+00
6.2500000000000044e-01
-4.9999999999999967e-01
2.0000000000000018e+00
4.5000000000000000e+00
4.5000000000000009e+00
2.0000000000000031e+00
-5.0000000000000022e-01
1.0000000000000013e+00
4.0000000000000027e+00
1.0000000000000004e+00
-6.2500000000000000e-01
-1.5000000000000004e+00
6.2499999999999989e-01
6.2500000000000000e-01
-1.4999999999999993e+00
-6.2500000000000033e-01
5.0000000000000067e-01
5.0000000000000009e+00
5.0000000000000011e-01
6.2499999999999989e-01
-1.5000000000000004e+00
-6.2500000000000000e-01
5.0000000000000056e-01
5.0000000000000009e+00
5.0000000000000011e-01
6.2500000000000000e-01
-1.4999999999999993e+00
-6.2500000000000033e-01
1.0000000000000004e+00
4.0000000000000036e+00
1.0000000000000004e+00
-5.0000000000000033e-01
2.0000000000000013e+00
4.4999999999999991e+00
-5.0000000000000022e-01
2.0000000000000009e+00
4.4999999999999991e+00
-5.0285301931635795e-01
5.0427952897453698e-01
-1.4265096581790036e-03
-4.9857349034182091e-01
4.9857349034182091e-01
0.0000000000000000e+00
1.4265096581789205e-03
-5.0427952897453687e-01
5.0285301931635795e-01
-4.9857349034182091e-01
4.9857349034182091e-01
0.0000000000000000e+00
1.4265096581789764e-03
1.1070555368904354e-16
-1.4265096581790873e-03
-1.0028530193163578e+00
1.0028530193163578e+00
0.0000000000000000e+00
-1.2476439420339918e+00
1.6214659130509879e+00
-3.7382197101699599e-01
-1.2617802898300406e-01
1.2617802898300406e-01
0.0000000000000000e+00
3.7382197101699433e-01
-1.6214659130509848e+00
1.2476439420339904e+00
-1.2617802898300406e-01
1.2617802898300406e-01
0.0000000000000000e+00
3.7382197101699499e-01
1.0086174214470136e-15
-3.7382197101699599e-01
-1.7476439420339906e+00
1.7476439420339906e+00
0.0000000000000000e+00
-7.7300499824279689e-01
6.5230009617522788e-01
1.2070490206756906e-01
-1.0629009968963397e-01
1.0629009968963397e-01
0.0000000000000000e+00
-7.7300499824279678e-01
1.1667148985531626e+00
-3.9370990031036579e-01
-6.2070490206756890e-01
6.2070490206756890e-01
0.0000000000000000e+00
-1.2070490206756912e-01
-6.5230009617522766e-01
7.7300499824279678e-01
-1.0629009968963397e-01
1.0629009968963397e-01
0.0000000000000000e+00
-1.2070490206756873e-01
5.1441480237793491e-01
-3.9370990031036618e-01
-1.2730049982427971e+00
1.2730049982427971e+00
0.0000000000000000e+00
3.9370990031036590e-01
-1.1667148985531628e+00
7.7300499824279689e-01
-6.2070490206756890e-01
6.2070490206756890e-01
0.0000000000000000e+00
3.9370990031036612e-01
-5.1441480237793491e-01
1.2070490206756876e-01
-1.2730049982427971e+00
1.2730049982427971e+00
0.0000000000000000e+00
-5.0285301931635795e-01
-4.9857349034182102e-01
1.5837438673605842e-19
5.0427952897453721e-01
4.9857349034182091e-01
-1.4265096581790315e-03
1.4265096581790315e-03
-1.0028530193163578e+00
-2.2236135369850344e-16
0.0000000000000000e+00
1.0028530193163581e+00
-1.4265096581790315e-03
1.4265096581791425e-03
-4.9857349034182091e-01
-5.5352776844521769e-17
-5.0427952897453709e-01
4.9857349034182091e-01
5.0285301931635806e-01
-1.2476439420339918e+00
-1.2617802898300401e-01
-2.7886363105689594e-17
1.6214659130509881e+00
1.2617802898300398e-01
-3.7382197101699599e-01
3.7382197101699466e-01
-1.7476439420339902e+00
-5.2709436171682792e-16
8.8817841970012523e-16
1.7476439420339911e+00
-3.7382197101699599e-01
3.7382197101699499e-01
-1.2617802898300395e-01
1.3747000317753788e-17
-1.6214659130509859e+00
1.2617802898300390e-01
1.2476439420339909e+00
-7.7300499824279700e-01
-6.2070490206756901e-01
4.2110215085203874e-17
1.1667148985531632e+00
6.2070490206756879e-01
-3.9370990031036601e-01
-7.7300499824279678e-01
-1.0629009968963407e-01
2.2893897923022662e-17
6.5230009617522788e-01
1.0629009968963393e-01
1.2070490206756912e-01
-1.2070490206756912e-01
-1.2730049982427967e+00
-2.5235424841372168e-16
5.1441480237793513e-01
1.2730049982427969e+00
-3.9370990031036601e-01
-1.2070490206756901e-01
-1.0629009968963399e-01
7.1466155250373279e-17
-6.5230009617522799e-01
1.0629009968963375e-01
7.7300499824279711e-01
3.9370990031036596e-01
-1.2730049982427967e+00
-2.5235424841372168e-16
-5.1441480237793502e-01
1.2730049982427969e+00
1.2070490206756906e-01
3.9370990031036612e-01
-6.2070490206756879e-01
-1.7993438983982746e-16
-1.1667148985531632e+00
6.2070490206756912e-01
7.7300499824279711e-01
2.3357255145275899e-01
2.3357255145275899e-01
2.3357255145275899e-01
1.0168981274041400e-01
1.0168981274041400e-01
1.0168981274041400e-01
1.6570215123674700e-01
1.6570215123674700e-01
1.6570215123674700e-01
1.6570215123674700e-01
1.6570215123674700e-01
1.6570215123674700e-01
1.4305795177888239e-03
-1.2499898253509757e-01
-1.2499898253509750e-01
6.5330770304705954e-01
-5.5128566992484668e-02
-5.5128566992484411e-02
1.7376836365417322e-01
1.7376836365417331e-01
-1.1771516330842942e-01
-1.1771516330842925e-01
-4.7496257198800747e-02
-4.7496257198800712e-02
4.9999593014039029e-01
4.9999593014039034e-01
2.4857552527162599e-01
2.2051426796993634e-01
2.2051426796993834e-01
1.5920894998036023e-02
7.9016044276582109e-01
1.3530782816862930e-01
7.9016044276582120e-01
6.5974785918606491e-02
1.3530782816862921e-01
6.5974785918606491e-02
-1.2499898253509761e-01
1.4305795177887274e-03
-1.2499898253509761e-01
-5.5128566992484140e-02
6.5330770304705810e-01
-5.5128566992484106e-02
-1.1771516330842934e-01
-4.7496257198800886e-02
1.7376836365417322e-01
-4.7496257198800823e-02
1.7376836365417331e-01
-1.1771516330842936e-01
4.9999593014039023e-01
2.4857552527162577e-01
4.9999593014039023e-01
2.2051426796993648e-01
1.5920894998035791e-02
2.2051426796993787e-01
1.3530782816862921e-01
7.9016044276582120e-01
6.5974785918606338e-02
7.9016044276582120e-01
6.5974785918606310e-02
1.3530782816862913e-01
2.4857552527162577e-01
4.9999593014039023e-01
4.9999593014039012e-01
1.5920894998035728e-02
2.2051426796993640e-01
2.2051426796993615e-01
6.5974785918606449e-02
6.5974785918606338e-02
1.3530782816862935e-01
1.3530782816862913e-01
7.9016044276582120e-01
7.9016044276582109e-01
-1.2499898253509756e-01
-1.2499898253509756e-01
1.4305795177887576e-03
-5.5128566992484085e-02
-5.5128566992484085e-02
6.5330770304705843e-01
-4.7496257198800851e-02
-1.1771516330842927e-01
-4.7496257198800851e-02
1.7376836365417328e-01
-1.1771516330842927e-01
1.7376836365417328e-01
1.3660254037844386e+00
-3.6602540378443860e-01
9.9999999999999978e-01
9.9999999999999978e-01
1.0000000000000000e+00
0.0000000000000000e+00
0.0000000000000000e+00
1.0000000000000000e+00
1.1999999999999991e+01
-4.9999999999999917e-01
2.0000000000000009e+00
-4.9999999999999900e-01
1.9999999999999976e+00
1.9999999999999993e+00
-4.3923048454132685e+00
1.8301270189221983e-01
-7.3205080756887930e-01
1.8301270189221935e-01
-7.3205080756887853e-01
-7.3205080756887797e-01
-4.9999999999999889e-01
3.2499999999999956e+00
-4.9999999999999895e-01
-1.1249999999999987e+00
-1.1249999999999984e+00
1.9999999999999989e+00
1.8301270189221958e-01
-1.1895825622994269e+00
1.8301270189221960e-01
4.1177857925749434e-01
4.1177857925749412e-01
-7.3205080756887841e-01
2.0000000000000009e+00
-4.9999999999999917e-01
1.1999999999999991e+01
1.9999999999999984e+00
-4.9999999999999944e-01
1.9999999999999993e+00
-7.3205080756887853e-01
1.8301270189221908e-01
-4.3923048454132658e+00
-7.3205080756887742e-01
1.8301270189221946e-01
-7.3205080756887808e-01
-4.9999999999999944e-01
-1.1249999999999993e+00
1.9999999999999987e+00
3.2499999999999964e+00
-1.1249999999999987e+00
-4.9999999999999950e-01
1.8301270189221977e-01
4.1177857925749345e-01
-7.3205080756887764e-01
-1.1895825622994260e+00
4.1177857925749395e-01
1.8301270189221944e-01
1.9999999999999978e+00
-1.1249999999999987e+00
-4.9999999999999933e-01
-1.1249999999999984e+00
3.2499999999999951e+00
-4.9999999999999956e-01
-7.3205080756887830e-01
4.1177857925749450e-01
1.8301270189221933e-01
4.1177857925749378e-01
-1.1895825622994272e+00
1.8301270189221980e-01
1.9999999999999982e+00
1.9999999999999984e+00
1.9999999999999987e+00
-4.9999999999999933e-01
-4.9999999999999961e-01
1.1999999999999986e+01
-7.3205080756887919e-01
-7.3205080756887841e-01
-7.3205080756887886e-01
1.8301270189221974e-01
1.8301270189221955e-01
-4.3923048454132703e+00
1.6392304845413264e+01
-6.8301270189221874e-01
2.7320508075688807e+00
-6.8301270189221863e-01
2.7320508075688759e+00
2.7320508075688776e+00
1.2000000000000002e+01
-4.9999999999999967e-01
2.0000000000000027e+00
-4.9999999999999933e-01
1.9999999999999989e+00
2.0000000000000004e+00
-6.8301270189221874e-01
4.4395825622994245e+00
-6.8301270189221974e-01
-1.5367785792574942e+00
-1.5367785792574928e+00
2.7320508075688772e+00
-4.9999999999999933e-01
3.2499999999999996e+00
-5.0000000000000022e-01
-1.1250000000000007e+00
-1.1249999999999993e+00
2.0000000000000004e+00
2.7320508075688799e+00
-6.8301270189221908e-01
1.6392304845413264e+01
2.7320508075688781e+00
-6.8301270189221941e-01
2.7320508075688776e+00
2.0000000000000022e+00
-4.9999999999999978e-01
1.2000000000000002e+01
2.0000000000000004e+00
-4.9999999999999994e-01
2.0000000000000004e+00
-6.8301270189221930e-01
-1.5367785792574935e+00
2.7320508075688785e+00
4.4395825622994245e+00
-1.5367785792574931e+00
-6.8301270189221897e-01
-4.9999999999999983e-01
-1.1250000000000000e+00
2.0000000000000009e+00
3.2499999999999991e+00
-1.1249999999999996e+00
-4.9999999999999994e-01
2.7320508075688772e+00
-1.5367785792574931e+00
-6.8301270189221963e-01
-1.5367785792574935e+00
4.4395825622994236e+00
-6.8301270189221930e-01
2.0000000000000004e+00
-1.1249999999999996e+00
-5.0000000000000000e-01
-1.1249999999999998e+00
3.2499999999999987e+00
-4.9999999999999989e-01
2.7320508075688772e+00
2.7320508075688776e+00
2.7320508075688781e+00
-6.8301270189221885e-01
-6.8301270189221952e-01
1.6392304845413257e+01
2.0000000000000004e+00
2.0000000000000004e+00
2.0000000000000013e+00
-4.9999999999999967e-01
-4.9999999999999994e-01
1.1999999999999996e+01
