3.3333333333333337e-01
1.6666666666666669e-01
1.6666666666666669e-01
1.6666666666666666e-01
3.3333333333333337e-01
1.6666666666666669e-01
1.6666666666666669e-01
1.6666666666666669e-01
3.3333333333333337e-01
-5.0000000000000000e-01
5.0000000000000000e-01
0.0000000000000000e+00
-5.0000000000000000e-01
5.0000000000000000e-01
0.0000000000000000e+00
-5.0000000000000000e-01
5.0000000000000000e-01
0.0000000000000000e+00
-4.9999999999999994e-01
-3.2049378106392736e-17
5.0000000000000000e-01
-5.0000000000000011e-01
6.4098756212785473e-17
5.0000000000000000e-01
-4.9999999999999994e-01
-3.2049378106392736e-17
5.0000000000000000e-01
-2.0000000000000000e+00
-1.9999999999999998e+00
-2.0000000000000000e+00
2.0000000000000000e+00
1.9999999999999998e+00
2.0000000000000000e+00
0.0000000000000000e+00
0.0000000000000000e+00
0.0000000000000000e+00
-2.0000000000000000e+00
-2.0000000000000000e+00
-2.0000000000000000e+00
-1.4792454964240836e-16
-5.1776415323230159e-17
-1.4792454964240836e-16
2.0000000000000004e+00
2.0000000000000000e+00
2.0000000000000004e+00
2.5000000000000004e+00
5.0000000000000033e-01
-1.5000000000000000e+00
-1.5000000000000002e+00
2.5000000000000004e+00
4.9999999999999994e-01
5.0000000000000033e-01
2.5000000000000004e+00
2.5000000000000004e+00
4.9999999999999994e-01
-1.5000000000000000e+00
-1.5000000000000002e+00
-1.5000000000000004e+00
-1.5000000000000004e+00
5.0000000000000011e-01
2.5000000000000004e+00
5.0000000000000011e-01
2.5000000000000004e+00
-5.0000000000000000e-01
5.0000000000000000e-01
0.0000000000000000e+00
-5.0000000000000000e-01
5.0000000000000000e-01
0.0000000000000000e+00
-5.0000000000000000e-01
5.0000000000000000e-01
0.0000000000000000e+00
-5.0000000000000000e-01
5.0000000000000000e-01
0.0000000000000000e+00
-5.0000000000000000e-01
5.0000000000000000e-01
0.0000000000000000e+00
-5.0000000000000000e-01
5.0000000000000000e-01
0.0000000000000000e+00
-4.9999999999999994e-01
-3.2049378106392736e-17
5.0000000000000000e-01
-5.0000000000000011e-01
6.4098756212785473e-17
5.0000000000000000e-01
-5.0000000000000000e-01
0.0000000000000000e+00
5.0000000000000000e-01
-5.0000000000000011e-01
6.4098756212785473e-17
5.0000000000000000e-01
-5.0000000000000000e-01
0.0000000000000000e+00
5.0000000000000000e-01
-5.0000000000000000e-01
0.0000000000000000e+00
5.0000000000000000e-01
2.1990348731064399e-01
2.1990348731064399e-01
2.1990348731064399e-01
4.4676317935602300e-01
4.4676317935602300e-01
4.4676317935602300e-01
8.1684757298045785e-01
9.1576213509770826e-02
9.1576213509770854e-02
1.0810301816806986e-01
4.4594849091596495e-01
4.4594849091596489e-01
9.1576213509771034e-02
8.1684757298045862e-01
9.1576213509770577e-02
4.4594849091596511e-01
1.0810301816807003e-01
4.4594849091596500e-01
9.1576213509770993e-02
9.1576213509770465e-02
8.1684757298045851e-01
4.4594849091596500e-01
4.4594849091596500e-01
1.0810301816807000e-01
