2.2619047619047608e-02
5.3571428571428503e-03
-5.5882603613928216e-18
3.2738095238095226e-03
5.3571428571428390e-03
1.0714285714285733e-02
8.0357142857142901e-03
1.6576553205674165e-17
8.0357142857142971e-03
3.2738095238095252e-03
5.3571428571428511e-03
1.6071428571428584e-01
-5.6250000000000078e-02
-1.5498854048903485e-17
8.0357142857142932e-02
4.8214285714285758e-02
-4.0178571428571466e-02
-4.0178571428571480e-02
-1.6071428571428594e-02
8.0357142857142919e-03
-4.7479807058662070e-18
-5.6250000000000071e-02
1.6071428571428578e-01
5.3571428571428702e-03
-4.0178571428571432e-02
4.8214285714285744e-02
8.0357142857142960e-02
-1.6071428571428591e-02
-4.0178571428571473e-02
8.0357142857142849e-03
3.2738095238095222e-03
-1.6252318568708110e-17
5.3571428571428711e-03
2.2619047619047608e-02
8.0357142857142919e-03
1.0714285714285720e-02
5.3571428571428667e-03
8.0357142857142780e-03
-2.8626573458322120e-18
3.2738095238095239e-03
5.3571428571428390e-03
8.0357142857142932e-02
-4.0178571428571425e-02
8.0357142857142936e-03
1.6071428571428575e-01
4.8214285714285765e-02
-1.6071428571428549e-02
-5.6250000000000078e-02
-4.0178571428571501e-02
6.2780468654398741e-19
1.0714285714285737e-02
4.8214285714285765e-02
4.8214285714285751e-02
1.0714285714285721e-02
4.8214285714285786e-02
5.7857142857142885e-01
4.8214285714285758e-02
4.8214285714285723e-02
4.8214285714285751e-02
1.0714285714285730e-02
8.0357142857142901e-03
-4.0178571428571473e-02
8.0357142857142974e-02
5.3571428571428659e-03
-1.6071428571428549e-02
4.8214285714285758e-02
1.6071428571428589e-01
-4.0178571428571480e-02
-5.6250000000000092e-02
-2.5112187461759496e-18
1.6689653788646607e-17
-4.0178571428571466e-02
-1.6071428571428591e-02
8.0357142857142762e-03
-5.6250000000000064e-02
4.8214285714285703e-02
-4.0178571428571473e-02
1.6071428571428578e-01
8.0357142857142919e-02
5.3571428571428624e-03
8.0357142857142988e-03
-1.6071428571428594e-02
-4.0178571428571487e-02
-2.8386322581823890e-18
-4.0178571428571501e-02
4.8214285714285765e-02
-5.6250000000000099e-02
8.0357142857142946e-02
1.6071428571428592e-01
5.3571428571428676e-03
3.2738095238095256e-03
8.0357142857142901e-03
8.0357142857142867e-03
3.2738095238095248e-03
1.0429794902257955e-18
1.0714285714285728e-02
-2.2727585018332417e-18
5.3571428571428624e-03
5.3571428571428676e-03
2.2619047619047622e-02
-2.7499999999999991e+00
4.4999999999999982e+00
-2.2499999999999987e+00
4.9999999999999972e-01
3.0198581527991844e-32
0.0000000000000000e+00
-3.0198581527991849e-32
8.8265381786084659e-48
-4.9717222518848046e-48
1.6703377865196805e-49
-5.0000000000000000e-01
-7.4999999999999989e-01
1.4999999999999996e+00
-2.4999999999999978e-01
1.2007934161532702e-16
-9.0278574906258014e-17
-2.9800766709069033e-17
1.3331484984316580e-32
-2.0541512938459930e-33
-6.1629758220391547e-33
2.4999999999999978e-01
-1.4999999999999998e+00
7.5000000000000022e-01
4.9999999999999978e-01
2.4035605705952697e-32
-0.0000000000000000e+00
-2.4035605705952700e-32
5.4053993496904555e-48
-3.5085124579665753e-48
1.0386427041795055e-49
-5.0000000000000000e-01
2.2499999999999982e+00
-4.4999999999999982e+00
2.7499999999999996e+00
-2.2482016248659404e-16
0.0000000000000000e+00
2.2482016248659409e-16
-7.4263858655571797e-32
3.7728124419803546e-32
1.2031204513100526e-32
-4.9999999999999956e-01
1.4999999999999989e+00
-1.4999999999999989e+00
4.9999999999999961e-01
-2.2499999999999996e+00
2.9999999999999991e+00
-7.4999999999999922e-01
1.9428902930940244e-16
-4.2083885208062237e-16
0.0000000000000000e+00
2.4999999999999981e-01
-7.4999999999999978e-01
7.4999999999999978e-01
-2.4999999999999986e-01
-7.4999999999999978e-01
7.4275008657616162e-18
7.4999999999999989e-01
-8.3266726846886716e-17
-7.1191434949346223e-17
7.2740698626605844e-17
-4.9999999999999967e-01
1.4999999999999991e+00
-1.4999999999999996e+00
5.0000000000000056e-01
7.5000000000000022e-01
-2.9999999999999991e+00
2.2499999999999987e+00
-3.6082248300317588e-16
2.7845598218192993e-16
1.1102230246251565e-16
2.5000000000000089e-01
-4.8068572666496155e-16
-7.4999999999999933e-01
4.9999999999999967e-01
-1.4999999999999996e+00
2.9999999999999991e+00
-1.4999999999999993e+00
-1.4999999999999998e+00
1.4999999999999996e+00
0.0000000000000000e+00
-5.0000000000000011e-01
7.5000000000000011e-01
-4.4408920985006262e-16
-2.4999999999999961e-01
1.4999999999999998e+00
-2.9999999999999991e+00
1.4999999999999991e+00
-1.4999999999999996e+00
1.5000000000000002e+00
-2.2204460492503131e-16
-5.0000000000000022e-01
-1.9347538082730908e-16
4.0062415778463091e-16
4.9999999999999989e-01
2.2500000000000000e+00
1.3298722108928751e-16
-2.2500000000000004e+00
-4.5000000000000000e+00
4.5000000000000009e+00
-3.7739598108397615e-16
-2.7500000000000000e+00
-4.8068572666496155e-16
4.7868882066720387e-16
2.1569685550238147e-16
4.4999999999999991e+00
-0.0000000000000000e+00
-2.1187501251145575e-16
-2.2499999999999996e+00
2.8548592061789737e-16
4.9999999999999978e-01
-4.9999999999999967e-01
-2.2500000000000004e+00
4.4408920985006262e-16
8.3266726846886691e-17
1.4999999999999996e+00
2.9999999999999991e+00
5.8286708792820718e-16
-1.4999999999999991e+00
-7.5000000000000000e-01
4.9999999999999967e-01
2.5000000000000011e-01
-1.5000000000000004e+00
-1.4999999999999996e+00
1.8503717077085941e-16
1.6653345369377351e-16
2.9999999999999991e+00
1.5000000000000002e+00
-7.4999999999999967e-01
-1.4999999999999998e+00
4.9999999999999989e-01
-5.0000000000000089e-01
2.2499999999999991e+00
-4.4999999999999991e+00
4.0708177569589067e-16
-3.8857805861880469e-16
-1.2639000486876122e-15
4.5000000000000009e+00
1.7763568394002503e-15
-2.2500000000000004e+00
4.9999999999999956e-01
-5.0000000000000033e-01
-1.1508928810185814e-16
1.4125708134736933e-16
-1.2069615956462616e-16
-7.4999999999999989e-01
-1.8055714981251603e-16
1.5875233699551807e-16
1.5000000000000002e+00
-1.1054315513608404e-16
-2.4999999999999989e-01
2.5000000000000011e-01
-7.5000000000000011e-01
2.0743727556257640e-17
1.0177044392397269e-16
-7.5000000000000000e-01
1.8055714981251603e-16
-2.4980018054066022e-16
7.4999999999999989e-01
7.5000000000000011e-01
-2.4999999999999989e-01
-4.9999999999999956e-01
1.4999999999999996e+00
-1.4999999999999996e+00
-2.2204460492503121e-16
7.4999999999999922e-01
-2.9999999999999982e+00
1.4999999999999987e+00
-3.6082248300317597e-16
1.5000000000000007e+00
-2.5000000000000022e-01
2.5000000000000011e-01
7.6232153465733784e-18
4.5180148274980922e-17
-6.0706549437654966e-17
-1.5000000000000000e+00
-2.7083572471877406e-16
7.1455792265113115e-17
7.5000000000000044e-01
-2.4464336141111893e-16
5.0000000000000000e-01
-4.9999999999999978e-01
7.5000000000000022e-01
-1.1102230246251565e-16
-1.6653345369377348e-16
1.4999999999999987e+00
-2.9999999999999991e+00
-6.6613381477509392e-16
-1.4999999999999991e+00
2.2500000000000004e+00
4.9999999999999944e-01
-5.0000000000000011e-01
1.2525357523062263e-16
-3.4975000324364607e-17
1.5733876524235018e-16
2.2499999999999996e+00
-1.8055714981251603e-16
2.2434012404265141e-16
-4.4999999999999991e+00
-6.9929483426255250e-16
2.7499999999999996e+00
-4.4999999999999991e+00
-4.5000000000000036e+00
2.2500000000000018e+00
-1.7500000000000000e+00
-4.5000000000000044e+00
-3.6481217608669734e-15
-3.7500000000000044e+00
2.2500000000000058e+00
-3.7499999999999996e+00
-1.7499999999999998e+00
1.3425925925925919e+00
7.5000000000000067e-01
-1.4999999999999996e+00
4.2592592592592599e-01
2.3055555555555554e+00
6.6929867864026934e-16
2.0555555555555562e+00
-1.6944444444444451e+00
3.0555555555555503e-01
-2.8703703703703687e-01
-4.2592592592592543e-01
1.5000000000000002e+00
-7.5000000000000167e-01
-1.3425925925925926e+00
-2.0555555555555554e+00
-5.3083263260967002e-16
-2.3055555555555571e+00
-3.0555555555555514e-01
1.6944444444444466e+00
2.8703703703703692e-01
1.7499999999999998e+00
-2.2500000000000031e+00
4.5000000000000027e+00
4.5000000000000000e+00
3.7500000000000049e+00
2.2681787358818494e-15
4.5000000000000071e+00
3.7499999999999982e+00
-2.2500000000000067e+00
1.7499999999999991e+00
-3.3333333333333348e-01
-1.5000000000000013e+00
1.4999999999999998e+00
-1.1851851851851858e+00
-5.5000000000000018e+00
-3.0000000000000022e+00
1.0555555555555547e+00
-1.5000000000000007e+00
2.0555555555555589e+00
2.5925925925925902e-01
-2.1296296296296294e-01
7.5000000000000089e-01
-7.5000000000000044e-01
2.1296296296296305e-01
1.6388888888888895e+00
4.6455953737633953e-16
-1.6388888888888895e+00
8.8888888888888895e-01
-8.8888888888889006e-01
4.5201937431167094e-17
1.1851851851851845e+00
-1.5000000000000002e+00
1.5000000000000013e+00
3.3333333333333326e-01
-1.0555555555555545e+00
3.0000000000000000e+00
5.5000000000000018e+00
-2.0555555555555562e+00
1.4999999999999998e+00
-2.5925925925925930e-01
-1.6666666666666680e-01
1.0868489282845457e-15
7.5000000000000122e-01
-8.9814814814814781e-01
1.7936193406820013e-15
-3.0000000000000013e+00
3.1944444444444469e+00
-6.2500000000000018e+00
-3.8055555555555567e+00
-1.6759259259259256e+00
8.9814814814814825e-01
-7.5000000000000067e-01
-1.8511143261418795e-15
1.6666666666666607e-01
-3.1944444444444446e+00
2.9999999999999987e+00
-1.3946503784605606e-15
3.8055555555555545e+00
6.2500000000000027e+00
1.6759259259259249e+00
0.0000000000000000e+00
0.0000000000000000e+00
0.0000000000000000e+00
0.0000000000000000e+00
0.0000000000000000e+00
0.0000000000000000e+00
0.0000000000000000e+00
0.0000000000000000e+00
0.0000000000000000e+00
0.0000000000000000e+00
-4.4999999999999991e+00
-4.5000000000000036e+00
2.2499999999999991e+00
-1.7500000000000007e+00
-4.5000000000000036e+00
-4.8180069991457655e-15
-3.7500000000000062e+00
2.2500000000000044e+00
-3.7499999999999987e+00
-1.7500000000000007e+00
-3.3333333333333315e-01
-5.5000000000000027e+00
-1.5000000000000004e+00
2.5925925925925891e-01
-1.5000000000000020e+00
-3.0000000000000022e+00
2.0555555555555545e+00
1.5000000000000011e+00
1.0555555555555569e+00
-1.1851851851851858e+00
-1.6666666666666685e-01
-2.7171223207113643e-16
-6.2500000000000027e+00
-1.6759259259259252e+00
-3.0686126652214229e-15
-3.0000000000000031e+00
-3.8055555555555589e+00
7.5000000000000266e-01
3.1944444444444478e+00
-8.9814814814814870e-01
-8.1020403487061862e-16
-3.5009232664835495e-15
3.6806711626680294e-16
-2.0439104700821584e-16
-7.2722795259876890e-16
-1.2586688603277167e-15
8.4864542041256304e-16
9.1009388313881981e-16
-1.2279354383284343e-15
-1.1298128749772806e-15
1.3425925925925923e+00
2.3055555555555576e+00
-1.6944444444444458e+00
-2.8703703703703715e-01
7.5000000000000044e-01
4.1954882096146431e-16
3.0555555555555530e-01
-1.5000000000000020e+00
2.0555555555555562e+00
4.2592592592592604e-01
-2.1296296296296305e-01
1.6388888888888893e+00
8.8888888888888917e-01
-4.3738630756842326e-17
7.5000000000000100e-01
1.0478141021132880e-15
-8.8888888888888828e-01
-7.5000000000000067e-01
-1.6388888888888902e+00
2.1296296296296308e-01
8.9814814814814781e-01
-3.1944444444444455e+00
3.8055555555555594e+00
1.6759259259259258e+00
-7.4999999999999900e-01
3.0000000000000000e+00
6.2500000000000027e+00
-1.5049462677535097e-15
-2.2099309123044574e-15
1.6666666666666680e-01
-4.2592592592592504e-01
-2.0555555555555545e+00
-3.0555555555555602e-01
2.8703703703703709e-01
1.5000000000000007e+00
1.5340405341756356e-16
1.6944444444444453e+00
-7.5000000000000033e-01
-2.3055555555555554e+00
-1.3425925925925923e+00
1.1851851851851849e+00
-1.0555555555555558e+00
-2.0555555555555558e+00
-2.5925925925925902e-01
-1.5000000000000007e+00
2.9999999999999991e+00
1.4999999999999987e+00
1.5000000000000000e+00
5.5000000000000018e+00
3.3333333333333282e-01
1.7499999999999996e+00
3.7499999999999987e+00
3.7499999999999987e+00
1.7499999999999987e+00
-2.2500000000000004e+00
2.2864006064222958e-15
-2.2500000000000018e+00
4.5000000000000000e+00
4.5000000000000027e+00
4.5000000000000009e+00
7.2500000000000009e+00
4.5000000000000018e+00
-2.2499999999999969e+00
5.0000000000000144e-01
-1.2500000000000011e+00
-3.7500000000000027e+00
-3.7499999999999987e+00
-1.2500000000000000e+00
7.2500000000000018e+00
4.5000000000000080e+00
-2.2500000000000058e+00
4.9999999999999989e-01
8.3333333333333381e-01
7.7500000000000036e+00
1.5000000000000036e+00
-8.3333333333332080e-02
1.7592592592592701e-01
2.0555555555555554e+00
3.0555555555555558e-01
-6.8518518518518490e-01
-8.4259259259259311e-01
-2.3055555555555571e+00
1.6944444444444442e+00
-3.9814814814814814e-01
-8.3333333333332121e-02
1.5000000000000031e+00
7.7500000000000027e+00
8.3333333333333404e-01
-8.4259259259259367e-01
-2.3055555555555567e+00
1.6944444444444444e+00
-3.9814814814814847e-01
1.7592592592592696e-01
2.0555555555555571e+00
3.0555555555555641e-01
-6.8518518518518512e-01
5.0000000000000178e-01
-2.2499999999999973e+00
4.5000000000000044e+00
7.2500000000000009e+00
7.2500000000000027e+00
4.5000000000000089e+00
-2.2500000000000067e+00
5.0000000000000011e-01
-1.2500000000000020e+00
-3.7500000000000080e+00
-3.7500000000000004e+00
-1.2500000000000004e+00
-8.4259259259259223e-01
-2.3055555555555562e+00
1.6944444444444440e+00
-3.9814814814814881e-01
-6.8518518518518678e-01
3.0555555555555303e-01
2.0555555555555567e+00
1.7592592592592579e-01
8.3333333333333504e-01
7.7500000000000071e+00
1.5000000000000016e+00
-8.3333333333333232e-02
-3.7037037037037271e-02
-8.8888888888888951e-01
-8.8888888888888973e-01
-3.7037037037037243e-02
-3.7037037037036931e-02
-8.8888888888888862e-01
-8.8888888888888895e-01
-3.7037037037037153e-02
-3.7037037037037340e-02
-8.8888888888889006e-01
-8.8888888888888951e-01
-3.7037037037037132e-02
-3.9814814814814853e-01
1.6944444444444433e+00
-2.3055555555555558e+00
-8.4259259259259256e-01
8.3333333333333415e-01
7.7499999999999982e+00
1.4999999999999993e+00
-8.3333333333333010e-02
-6.8518518518518556e-01
3.0555555555555486e-01
2.0555555555555558e+00
1.7592592592592607e-01
1.7592592592592518e-01
2.0555555555555554e+00
3.0555555555555747e-01
-6.8518518518518468e-01
-3.9814814814814792e-01
1.6944444444444438e+00
-2.3055555555555514e+00
-8.4259259259259212e-01
-8.3333333333333565e-02
1.5000000000000020e+00
7.7500000000000000e+00
8.3333333333333359e-01
-6.8518518518518434e-01
3.0555555555555669e-01
2.0555555555555554e+00
1.7592592592592562e-01
-8.3333333333334036e-02
1.4999999999999993e+00
7.7499999999999956e+00
8.3333333333333270e-01
-3.9814814814814775e-01
1.6944444444444453e+00
-2.3055555555555536e+00
-8.4259259259259267e-01
-1.2500000000000011e+00
-3.7500000000000044e+00
-3.7500000000000044e+00
-1.2500000000000009e+00
5.0000000000000033e-01
-2.2500000000000000e+00
4.5000000000000000e+00
7.2499999999999982e+00
5.0000000000000022e-01
-2.2500000000000031e+00
4.5000000000000053e+00
7.2499999999999991e+00
2.5000000000000000e-01
-7.4999999999999933e-01
7.4999999999999922e-01
-2.4999999999999989e-01
-7.4999999999999856e-01
-2.3240408508470674e-15
7.5000000000000100e-01
-5.2735593669694916e-16
4.4186592717482603e-16
-9.9364517176290214e-19
-4.1001683386091736e-01
9.2181933591899390e-01
-4.2680671052330621e-01
-8.4995791534770257e-02
9.6537383845239533e-01
-3.1007392599743313e+00
2.1353654215219358e+00
-5.1678987666238896e-01
5.1678987666238907e-01
0.0000000000000000e+00
8.4995791534770326e-02
4.2680671052330510e-01
-9.2181933591899257e-01
4.1001683386091653e-01
-2.1353654215219358e+00
3.1007392599743304e+00
-9.6537383845239433e-01
-5.1678987666238840e-01
5.1678987666238840e-01
0.0000000000000000e+00
8.4995791534770673e-02
-1.6185755448595478e+00
1.6185755448595478e+00
-8.4995791534770632e-02
-8.9983166139082985e-02
-3.0901198688833556e-17
8.9983166139083026e-02
4.3554502533401866e-02
-4.3554502533401880e-02
5.2191122263683211e-18
-4.0664749896619945e-02
6.4781080652347292e-02
1.5321748177011751e-01
-1.7733381252584476e-01
2.4101949247394167e-01
-1.8367066099995724e+00
1.5956871175256306e+00
-3.0611776833326249e-01
3.0611776833326249e-01
0.0000000000000000e+00
1.7733381252584479e-01
-1.5321748177011824e-01
-6.4781080652346557e-02
4.0664749896619660e-02
-1.5956871175256306e+00
1.8367066099995717e+00
-2.4101949247394075e-01
-3.0611776833326226e-01
3.0611776833326204e-01
0.0000000000000000e+00
1.7733381252584496e-01
-1.2895693491923688e+00
1.2895693491923688e+00
-1.7733381252584496e-01
-4.5933525010337989e-01
-1.6638508679350409e-16
4.5933525010338011e-01
1.7623841182159433e-01
-1.7623841182159439e-01
7.3062007534678430e-18
-3.1869177098403451e-01
6.0841497110891860e-02
3.6567733112713408e-01
-1.0782705725399160e-01
-1.1609343635874956e+00
1.1062146126670085e+00
5.4719750920487205e-02
1.8436910211116828e-01
-1.8436910211116830e-01
-5.5511151231257827e-17
1.0782705725399194e-01
-3.6567733112713668e-01
-6.0841497110888154e-02
3.1869177098403301e-01
-5.4719750920487621e-02
-1.1062146126670074e+00
1.1609343635874949e+00
1.8436910211116797e-01
-1.8436910211116803e-01
5.5511151231257827e-17
1.0782705725399219e-01
-2.3908885303165583e-01
2.3908885303165497e-01
-1.0782705725399139e-01
-1.8130822901596880e-01
3.5620098429129428e-15
1.8130822901596524e-01
-1.2217758606983857e+00
1.2217758606983857e+00
3.7490139075866921e-17
-1.9988884518494756e+00
3.0984183088364690e+00
-1.4117519699493621e+00
3.1222211296236874e-01
-4.4918733273796901e-01
5.2281889140067650e-01
-7.3631558662707375e-02
8.7136481900112750e-02
-8.7136481900112792e-02
0.0000000000000000e+00
-3.1222211296236724e-01
1.4117519699493553e+00
-3.0984183088364601e+00
1.9988884518494723e+00
7.3631558662706709e-02
-5.2281889140067550e-01
4.4918733273796874e-01
8.7136481900112708e-02
-8.7136481900112681e-02
0.0000000000000000e+00
-3.1222211296236724e-01
-1.3504923237406326e-02
1.3504923237404742e-02
3.1222211296236879e-01
1.4988884518494701e+00
5.4793701648701761e-15
-1.4988884518494756e+00
-3.5476056415744357e+00
3.5476056415744361e+00
-3.9990874404184131e-16
-3.4338735882200921e-01
1.2253588113586618e+00
-1.7548614571771082e+00
8.7289000464045552e-01
3.8903041086105067e-01
-2.1106155486470328e+00
1.7215851377859819e+00
1.6686063785074279e-01
-1.6686063785074287e-01
1.1102230246251565e-16
-3.4338735882200855e-01
3.1530419680621741e-01
1.9436052547825700e-01
-1.6627736346246530e-01
1.2990850254134960e+00
-1.8523900415460792e+00
5.5330501613258298e-01
-2.0405868519055770e+00
2.0405868519055774e+00
-3.3306690738754696e-16
-8.7289000464045552e-01
1.7548614571771077e+00
-1.2253588113586611e+00
3.4338735882200871e-01
-1.7215851377859817e+00
2.1106155486470324e+00
-3.8903041086105039e-01
1.6686063785074315e-01
-1.6686063785074337e-01
0.0000000000000000e+00
-8.7289000464045552e-01
3.1900171411959349e-01
7.2016565398332744e-01
-1.6627736346246547e-01
-2.8572539472846725e-01
2.5822550710095293e-01
2.7499887627514388e-02
7.3726214054833872e-02
-7.3726214054833900e-02
-1.3877787807814457e-17
1.6627736346246585e-01
-1.9436052547825783e-01
-3.1530419680621663e-01
3.4338735882200888e-01
-5.5330501613258321e-01
1.8523900415460792e+00
-1.2990850254134960e+00
-2.0405868519055774e+00
2.0405868519055774e+00
0.0000000000000000e+00
1.6627736346246536e-01
-7.2016565398332744e-01
-3.1900171411959355e-01
8.7289000464045563e-01
-2.7499887627514430e-02
-2.5822550710095293e-01
2.8572539472846736e-01
7.3726214054833844e-02
-7.3726214054833844e-02
1.3877787807814457e-17
2.5000000000000022e-01
-7.4999999999999878e-01
-4.0143448825012259e-16
1.5728159515523032e-16
-7.4999999999999956e-01
-2.5278000973752244e-15
8.3266726846886901e-17
7.4999999999999956e-01
7.5000000000000144e-01
-2.5000000000000000e-01
-4.1001683386091681e-01
9.6537383845239566e-01
-5.1678987666238907e-01
1.8379447026077948e-16
9.2181933591899268e-01
-3.1007392599743309e+00
5.1678987666238752e-01
-4.2680671052330593e-01
2.1353654215219375e+00
-8.4995791534770881e-02
8.4995791534771103e-02
-8.9983166139083054e-02
4.3554502533402061e-02
-1.3324123267426366e-16
-1.6185755448595480e+00
-4.5139287453129011e-16
-4.3554502533401811e-02
1.6185755448595482e+00
8.9983166139083082e-02
-8.4995791534770881e-02
8.4995791534770715e-02
-2.1353654215219366e+00
-5.1678987666238863e-01
9.1275884875349650e-17
4.2680671052330504e-01
3.1007392599743313e+00
5.1678987666238907e-01
-9.2181933591899257e-01
-9.6537383845239488e-01
4.1001683386091653e-01
-4.0664749896619945e-02
2.4101949247394161e-01
-3.0611776833326221e-01
7.9113177613942256e-17
6.4781080652346862e-02
-1.8367066099995724e+00
3.0611776833326138e-01
1.5321748177011774e-01
1.5956871175256320e+00
-1.7733381252584501e-01
1.7733381252584512e-01
-4.5933525010338017e-01
1.7623841182159453e-01
-1.0722989815921166e-16
-1.2895693491923692e+00
-4.0625358707816106e-16
-1.7623841182159433e-01
1.2895693491923694e+00
4.5933525010338017e-01
-1.7733381252584490e-01
1.7733381252584507e-01
-1.5956871175256311e+00
-3.0611776833326210e-01
2.4564663130771570e-16
-1.5321748177011829e-01
1.8367066099995717e+00
3.0611776833326221e-01
-6.4781080652346210e-02
-2.4101949247394097e-01
4.0664749896619667e-02
-3.1869177098403434e-01
-1.1609343635874960e+00
1.8436910211116841e-01
-5.1116954956915109e-17
6.0841497110891783e-02
1.1062146126670087e+00
-1.8436910211116805e-01
3.6567733112713419e-01
5.4719750920487004e-02
-1.0782705725399155e-01
1.0782705725399216e-01
-1.8130822901596877e-01
-1.2217758606983855e+00
5.7600157184783173e-17
-2.3908885303165581e-01
2.8212054658205628e-15
1.2217758606983855e+00
2.3908885303165503e-01
1.8130822901596597e-01
-1.0782705725399144e-01
1.0782705725399216e-01
-5.4719750920487663e-02
1.8436910211116814e-01
-4.8576622642002207e-18
-3.6567733112713668e-01
-1.1062146126670072e+00
-1.8436910211116850e-01
-6.0841497110888307e-02
1.1609343635874951e+00
3.1869177098403295e-01
-1.9988884518494761e+00
-4.4918733273796996e-01
8.7136481900113028e-02
2.3774585869626351e-16
3.0984183088364698e+00
5.2281889140067728e-01
-8.7136481900113139e-02
-1.4117519699493630e+00
-7.3631558662707056e-02
3.1222211296236890e-01
-3.1222211296236668e-01
1.4988884518494692e+00
-3.5476056415744344e+00
-1.0027242474545071e-15
-1.3504923237406758e-02
3.7917001460628367e-15
3.5476056415744370e+00
1.3504923237405373e-02
-1.4988884518494754e+00
3.1222211296236890e-01
-3.1222211296236746e-01
7.3631558662707389e-02
8.7136481900112445e-02
8.5090192810304485e-17
1.4117519699493570e+00
-5.2281889140067594e-01
-8.7136481900112805e-02
-3.0984183088364627e+00
4.4918733273796901e-01
1.9988884518494732e+00
-3.4338735882200933e-01
1.2990850254134958e+00
-2.0405868519055765e+00
4.4108517935122118e-16
3.1530419680621713e-01
-1.8523900415460797e+00
2.0405868519055756e+00
1.9436052547825702e-01
5.5330501613258498e-01
-1.6627736346246569e-01
-3.4338735882200888e-01
3.8903041086105139e-01
1.6686063785074290e-01
1.0949468279107025e-16
1.2253588113586620e+00
-2.1106155486470328e+00
-1.6686063785074381e-01
-1.7548614571771093e+00
1.7215851377859828e+00
8.7289000464045596e-01
-8.7289000464045596e-01
-2.8572539472846775e-01
7.3726214054834149e-02
1.2573099702519995e-16
3.1900171411959394e-01
2.5822550710095304e-01
-7.3726214054834094e-02
7.2016565398332777e-01
2.7499887627514440e-02
-1.6627736346246569e-01
-8.7289000464045552e-01
-1.7215851377859823e+00
1.6686063785074334e-01
1.1102230246251565e-16
1.7548614571771086e+00
2.1106155486470328e+00
-1.6686063785074307e-01
-1.2253588113586613e+00
-3.8903041086105089e-01
3.4338735882200866e-01
1.6627736346246541e-01
-2.7499887627514149e-02
7.3726214054833872e-02
-5.2041704279304213e-18
-7.2016565398332688e-01
-2.5822550710095360e-01
-7.3726214054833969e-02
-3.1900171411959455e-01
2.8572539472846770e-01
8.7289000464045607e-01
1.6627736346246558e-01
-5.5330501613258420e-01
-2.0405868519055761e+00
-1.9428902930940239e-16
-1.9436052547825788e-01
1.8523900415460790e+00
2.0405868519055774e+00
-3.1530419680621624e-01
-1.2990850254134962e+00
3.4338735882200888e-01
1.9427159256559801e-01
6.2669400454278004e-02
6.2669400454278004e-02
6.2669400454278004e-02
1.5565508200954900e-01
1.5565508200954900e-01
1.5565508200954900e-01
1.5929547785442000e-01
1.5929547785442000e-01
1.5929547785442000e-01
5.1155351317396000e-02
5.1155351317396000e-02
5.1155351317396000e-02
8.6567078754579002e-02
8.6567078754579002e-02
8.6567078754579002e-02
8.6567078754579002e-02
8.6567078754579002e-02
8.6567078754579002e-02
5.7463593658791194e-17
1.8758393023249057e-02
-6.0975743827432871e-02
-6.0975743827432961e-02
6.3545209055376042e-02
-4.6851747941773311e-02
-4.6851747941773339e-02
-3.5084302134700283e-02
5.8809211909700045e-02
5.8809211909700086e-02
5.7677991048804533e-01
3.6128943666074664e-02
3.6128943666074803e-02
3.0956568478200695e-02
3.0956568478200847e-02
1.0139258715117706e-01
1.0139258715117688e-01
4.9469026188803722e-02
4.9469026188803646e-02
-5.8620730913652193e-16
-4.2655757046007908e-02
2.1327878523003996e-02
5.0612593740088663e-01
-1.5406395085692917e-01
7.7031975428464503e-02
2.6760178061902973e-01
4.5988507343484630e-01
-2.2994253671742290e-01
-6.9397833752456561e-02
3.1736534812607886e-01
-1.5868267406304057e-01
-7.7951448685931396e-03
-1.0929153310225745e-01
-3.2728981702234629e-02
1.5034395856795027e-01
9.0586951458223608e-01
-1.2293761865723663e-02
-2.4735374193451692e-01
3.4945849891033794e-16
2.1327878523003913e-02
-4.2655757046007992e-02
5.0612593740088674e-01
7.7031975428464600e-02
-1.5406395085692903e-01
2.6760178061902995e-01
-2.2994253671742307e-01
4.5988507343484653e-01
-6.9397833752456617e-02
-1.5868267406303938e-01
3.1736534812608119e-01
-7.7951448685932134e-03
1.5034395856795010e-01
-1.2293761865723641e-02
-1.0929153310225756e-01
-2.4735374193451676e-01
-3.2728981702234629e-02
9.0586951458223630e-01
-6.4888121400100248e-17
-6.0975743827432552e-02
1.8758393023249411e-02
-6.0975743827432836e-02
-4.6851747941773110e-02
6.3545209055376237e-02
-4.6851747941773228e-02
5.8809211909700322e-02
-3.5084302134700401e-02
5.8809211909700315e-02
3.6128943666074553e-02
5.7677991048804389e-01
3.6128943666074609e-02
1.0139258715117735e-01
4.9469026188803930e-02
3.0956568478201055e-02
4.9469026188803812e-02
3.0956568478201017e-02
1.0139258715117708e-01
-5.4118544111094202e-16
-4.2655757046007943e-02
5.0612593740088652e-01
2.1327878523003902e-02
-1.5406395085692917e-01
2.6760178061902962e-01
7.7031975428464516e-02
4.5988507343484630e-01
-6.9397833752456506e-02
-2.2994253671742296e-01
3.1736534812607820e-01
-7.7951448685932767e-03
-1.5868267406304051e-01
-3.2728981702234664e-02
-1.0929153310225757e-01
9.0586951458223586e-01
1.5034395856795021e-01
-2.4735374193451690e-01
-1.2293761865723667e-02
9.9999999999999989e-01
1.3359697687585043e-01
1.3359697687585087e-01
1.3359697687585104e-01
6.4901867644703959e-01
6.4901867644703970e-01
6.4901867644703959e-01
5.9637647238536629e-01
5.9637647238536695e-01
5.9637647238536706e-01
4.9187143790913310e-02
4.9187143790913580e-02
4.9187143790913414e-02
1.6363636363636413e-01
1.6363636363636425e-01
1.6363636363636436e-01
1.6363636363636452e-01
1.6363636363636425e-01
1.6363636363636450e-01
3.7212445154333217e-16
5.0612593740088674e-01
-4.2655757046008033e-02
2.1327878523004086e-02
2.6760178061902989e-01
-1.5406395085692906e-01
7.7031975428464780e-02
-6.9397833752456492e-02
4.5988507343484569e-01
-2.2994253671742290e-01
-7.7951448685930121e-03
3.1736534812607825e-01
-1.5868267406303904e-01
9.0586951458223652e-01
-2.4735374193451690e-01
-3.2728981702234698e-02
-1.2293761865723531e-02
-1.0929153310225748e-01
1.5034395856795041e-01
2.4612453410112610e-16
2.1327878523003753e-02
5.0612593740088663e-01
-4.2655757046008200e-02
7.7031975428464419e-02
2.6760178061902984e-01
-1.5406395085692923e-01
-2.2994253671742326e-01
-6.9397833752456825e-02
4.5988507343484636e-01
-1.5868267406303929e-01
-7.7951448685933730e-03
3.1736534812608119e-01
-1.2293761865723847e-02
1.5034395856795008e-01
-2.4735374193451684e-01
-1.0929153310225774e-01
9.0586951458223619e-01
-3.2728981702234927e-02
2.4286128663675299e-16
5.0612593740088674e-01
2.1327878523004010e-02
-4.2655757046008047e-02
2.6760178061902989e-01
7.7031975428464572e-02
-1.5406395085692920e-01
-6.9397833752456589e-02
-2.2994253671742310e-01
4.5988507343484542e-01
-7.7951448685931804e-03
-1.5868267406303913e-01
3.1736534812607803e-01
-2.4735374193451681e-01
9.0586951458223630e-01
-1.2293761865723618e-02
-3.2728981702234830e-02
1.5034395856795013e-01
-1.0929153310225767e-01
-6.2450045135165055e-17
-6.0975743827432607e-02
-6.0975743827432628e-02
1.8758393023249484e-02
-4.6851747941773131e-02
-4.6851747941773145e-02
6.3545209055376278e-02
5.8809211909700315e-02
5.8809211909700357e-02
-3.5084302134700374e-02
3.6128943666074706e-02
3.6128943666074706e-02
5.7677991048804367e-01
4.9469026188803937e-02
1.0139258715117723e-01
4.9469026188803882e-02
3.0956568478201135e-02
1.0139258715117729e-01
3.0956568478201121e-02
1.3660254037844386e+00
-3.6602540378443860e-01
9.9999999999999978e-01
9.9999999999999978e-01
1.0000000000000000e+00
0.0000000000000000e+00
0.0000000000000000e+00
1.0000000000000000e+00
3.3333333333333314e+01
-1.3580246913580227e+00
2.4691358024691584e-01
-3.3333333333333317e+00
-1.3580246913580194e+00
2.4691358024691226e-01
-3.3333333333333286e+00
2.4691358024691168e-01
-3.3333333333333286e+00
-3.3333333333333326e+00
-1.2200846792814639e+01
4.9707153600355852e-01
-9.0376642909740956e-02
1.2200846792814641e+00
4.9707153600355758e-01
-9.0376642909737487e-02
1.2200846792814650e+00
-9.0376642909736613e-02
1.2200846792814617e+00
1.2200846792814657e+00
-1.3580246913580230e+00
7.1787837219935886e+00
2.0804755372656603e+00
2.4691358024691828e-01
-1.7604023776863269e+00
-9.0534979423868189e-01
1.6780978509373530e+00
1.6780978509373550e+00
9.9679926840420574e-01
-3.3333333333333313e+00
4.9707153600355902e-01
-2.6276172105238640e+00
-7.6150689859131215e-01
-9.0376642909740096e-02
6.4435199111572516e-01
3.3138102400237290e-01
-6.1422644347914512e-01
-6.1422644347914634e-01
-3.6485385470968262e-01
1.2200846792814648e+00
2.4691358024691601e-01
2.0804755372656607e+00
7.1787837219935922e+00
-1.3580246913580258e+00
1.6780978509373561e+00
-9.0534979423868256e-01
-1.7604023776863256e+00
9.9679926840420641e-01
1.6780978509373563e+00
-3.3333333333333317e+00
-9.0376642909740040e-02
-7.6150689859131138e-01
-2.6276172105238653e+00
4.9707153600356080e-01
-6.1422644347914579e-01
3.3138102400237301e-01
6.4435199111572550e-01
-3.6485385470968451e-01
-6.1422644347914446e-01
1.2200846792814641e+00
-3.3333333333333295e+00
2.4691358024691823e-01
-1.3580246913580263e+00
3.3333333333333307e+01
-3.3333333333333361e+00
2.4691358024691371e-01
-1.3580246913580225e+00
-3.3333333333333290e+00
2.4691358024691012e-01
-3.3333333333333295e+00
1.2200846792814646e+00
-9.0376642909740457e-02
4.9707153600356013e-01
-1.2200846792814648e+01
1.2200846792814664e+00
-9.0376642909738014e-02
4.9707153600355886e-01
1.2200846792814637e+00
-9.0376642909737750e-02
1.2200846792814659e+00
-1.3580246913580196e+00
-1.7604023776863278e+00
1.6780978509373556e+00
-3.3333333333333366e+00
7.1787837219935939e+00
-9.0534979423868256e-01
9.9679926840420485e-01
2.0804755372656603e+00
1.6780978509373563e+00
2.4691358024691287e-01
4.9707153600355752e-01
6.4435199111572528e-01
-6.1422644347914546e-01
1.2200846792814661e+00
-2.6276172105238653e+00
3.3138102400237307e-01
-3.6485385470968301e-01
-7.6150689859131260e-01
-6.1422644347914546e-01
-9.0376642909738764e-02
2.4691358024691221e-01
-9.0534979423868156e-01
-9.0534979423868234e-01
2.4691358024691346e-01
-9.0534979423868256e-01
1.5912208504801069e+00
-9.0534979423868100e-01
-9.0534979423868156e-01
-9.0534979423868223e-01
2.4691358024691354e-01
-9.0376642909737431e-02
3.3138102400237318e-01
3.3138102400237335e-01
-9.0376642909738361e-02
3.3138102400237346e-01
-5.8242725430720121e-01
3.3138102400237285e-01
3.3138102400237357e-01
3.3138102400237263e-01
-9.0376642909738056e-02
-3.3333333333333304e+00
1.6780978509373541e+00
-1.7604023776863256e+00
-1.3580246913580212e+00
9.9679926840420430e-01
-9.0534979423868134e-01
7.1787837219935824e+00
1.6780978509373532e+00
2.0804755372656580e+00
2.4691358024691279e-01
1.2200846792814637e+00
-6.1422644347914401e-01
6.4435199111572594e-01
4.9707153600355919e-01
-3.6485385470968301e-01
3.3138102400237257e-01
-2.6276172105238635e+00
-6.1422644347914646e-01
-7.6150689859130949e-01
-9.0376642909739041e-02
2.4691358024691049e-01
1.6780978509373545e+00
9.9679926840420685e-01
-3.3333333333333286e+00
2.0804755372656611e+00
-9.0534979423868200e-01
1.6780978509373543e+00
7.1787837219935886e+00
-1.7604023776863225e+00
-1.3580246913580247e+00
-9.0376642909736987e-02
-6.1422644347914568e-01
-3.6485385470968384e-01
1.2200846792814635e+00
-7.6150689859131171e-01
3.3138102400237290e-01
-6.1422644347914568e-01
-2.6276172105238658e+00
6.4435199111572394e-01
4.9707153600355991e-01
-3.3333333333333295e+00
9.9679926840420641e-01
1.6780978509373565e+00
2.4691358024691168e-01
1.6780978509373556e+00
-9.0534979423868245e-01
2.0804755372656571e+00
-1.7604023776863251e+00
7.1787837219935859e+00
-1.3580246913580247e+00
1.2200846792814621e+00
-3.6485385470968207e-01
-6.1422644347914424e-01
-9.0376642909736696e-02
-6.1422644347914590e-01
3.3138102400237263e-01
-7.6150689859131104e-01
6.4435199111572317e-01
-2.6276172105238604e+00
4.9707153600355808e-01
-3.3333333333333335e+00
-3.3333333333333308e+00
-3.3333333333333308e+00
-3.3333333333333308e+00
2.4691358024691301e-01
2.4691358024691351e-01
2.4691358024691393e-01
-1.3580246913580234e+00
-1.3580246913580243e+00
3.3333333333333293e+01
1.2200846792814650e+00
1.2200846792814644e+00
1.2200846792814648e+00
1.2200846792814661e+00
-9.0376642909738111e-02
-9.0376642909738000e-02
-9.0376642909738611e-02
4.9707153600355980e-01
4.9707153600355902e-01
-1.2200846792814641e+01
4.5534180126147966e+01
-1.8550962273615828e+00
3.3729022315665536e-01
-4.5534180126147970e+00
-1.8550962273615772e+00
3.3729022315664986e-01
-4.5534180126147943e+00
3.3729022315664969e-01
-4.5534180126147934e+00
-4.5534180126147987e+00
3.3333333333333343e+01
-1.3580246913580252e+00
2.4691358024691704e-01
-3.3333333333333348e+00
-1.3580246913580207e+00
2.4691358024691284e-01
-3.3333333333333348e+00
2.4691358024691024e-01
-3.3333333333333313e+00
-3.3333333333333361e+00
-1.8550962273615821e+00
9.8064009325174553e+00
2.8419824358569725e+00
3.3729022315665808e-01
-2.4047543688020534e+00
-1.2367308182410546e+00
2.2923242944164981e+00
2.2923242944165012e+00
1.3616531231138882e+00
-4.5534180126147961e+00
-1.3580246913580241e+00
7.1787837219935957e+00
2.0804755372656629e+00
2.4691358024691876e-01
-1.7604023776863291e+00
-9.0534979423868300e-01
1.6780978509373554e+00
1.6780978509373574e+00
9.9679926840420663e-01
-3.3333333333333357e+00
3.3729022315665624e-01
2.8419824358569703e+00
9.8064009325174570e+00
-1.8550962273615870e+00
2.2923242944165021e+00
-1.2367308182410548e+00
-2.4047543688020530e+00
1.3616531231138893e+00
2.2923242944165017e+00
-4.5534180126147943e+00
2.4691358024691720e-01
2.0804755372656620e+00
7.1787837219936002e+00
-1.3580246913580276e+00
1.6780978509373576e+00
-9.0534979423868334e-01
-1.7604023776863291e+00
9.9679926840420729e-01
1.6780978509373579e+00
-3.3333333333333348e+00
-4.5534180126147943e+00
3.3729022315665830e-01
-1.8550962273615867e+00
4.5534180126147966e+01
-4.5534180126148032e+00
3.3729022315665158e-01
-1.8550962273615816e+00
-4.5534180126147934e+00
3.3729022315664803e-01
-4.5534180126147961e+00
-3.3333333333333330e+00
2.4691358024691834e-01
-1.3580246913580278e+00
3.3333333333333343e+01
-3.3333333333333397e+00
2.4691358024691384e-01
-1.3580246913580236e+00
-3.3333333333333321e+00
2.4691358024691076e-01
-3.3333333333333348e+00
-1.8550962273615785e+00
-2.4047543688020530e+00
2.2923242944165021e+00
-4.5534180126148014e+00
9.8064009325174606e+00
-1.2367308182410552e+00
1.3616531231138871e+00
2.8419824358569716e+00
2.2923242944165034e+00
3.3729022315665097e-01
-1.3580246913580210e+00
-1.7604023776863280e+00
1.6780978509373581e+00
-3.3333333333333393e+00
7.1787837219936002e+00
-9.0534979423868356e-01
9.9679926840420541e-01
2.0804755372656620e+00
1.6780978509373581e+00
2.4691358024691282e-01
3.3729022315664936e-01
-1.2367308182410546e+00
-1.2367308182410557e+00
3.3729022315665175e-01
-1.2367308182410559e+00
2.1736481047873082e+00
-1.2367308182410537e+00
-1.2367308182410548e+00
-1.2367308182410552e+00
3.3729022315665158e-01
2.4691358024691223e-01
-9.0534979423868289e-01
-9.0534979423868378e-01
2.4691358024691390e-01
-9.0534979423868378e-01
1.5912208504801091e+00
-9.0534979423868234e-01
-9.0534979423868323e-01
-9.0534979423868311e-01
2.4691358024691407e-01
-4.5534180126147961e+00
2.2923242944164999e+00
-2.4047543688020503e+00
-1.8550962273615810e+00
1.3616531231138871e+00
-1.2367308182410539e+00
9.8064009325174482e+00
2.2923242944164994e+00
2.8419824358569694e+00
3.3729022315665075e-01
-3.3333333333333344e+00
1.6780978509373567e+00
-1.7604023776863276e+00
-1.3580246913580236e+00
9.9679926840420519e-01
-9.0534979423868245e-01
7.1787837219935913e+00
1.6780978509373570e+00
2.0804755372656589e+00
2.4691358024691290e-01
3.3729022315664808e-01
2.2923242944164999e+00
1.3616531231138893e+00
-4.5534180126147925e+00
2.8419824358569725e+00
-1.2367308182410546e+00
2.2923242944165003e+00
9.8064009325174570e+00
-2.4047543688020490e+00
-1.8550962273615834e+00
2.4691358024691068e-01
1.6780978509373567e+00
9.9679926840420752e-01
-3.3333333333333308e+00
2.0804755372656616e+00
-9.0534979423868311e-01
1.6780978509373559e+00
7.1787837219935948e+00
-1.7604023776863245e+00
-1.3580246913580254e+00
-4.5534180126147925e+00
1.3616531231138884e+00
2.2923242944165034e+00
3.3729022315664953e-01
2.2923242944165021e+00
-1.2367308182410550e+00
2.8419824358569663e+00
-2.4047543688020521e+00
9.8064009325174517e+00
-1.8550962273615847e+00
-3.3333333333333321e+00
9.9679926840420763e-01
1.6780978509373583e+00
2.4691358024691057e-01
1.6780978509373585e+00
-9.0534979423868367e-01
2.0804755372656598e+00
-1.7604023776863245e+00
7.1787837219935922e+00
-1.3580246913580269e+00
-4.5534180126148005e+00
-4.5534180126147943e+00
-4.5534180126147961e+00
-4.5534180126147952e+00
3.3729022315665097e-01
3.3729022315665114e-01
3.3729022315665363e-01
-1.8550962273615828e+00
-1.8550962273615836e+00
4.5534180126147938e+01
-3.3333333333333379e+00
-3.3333333333333344e+00
-3.3333333333333344e+00
-3.3333333333333366e+00
2.4691358024691298e-01
2.4691358024691376e-01
2.4691358024691470e-01
-1.3580246913580252e+00
-1.3580246913580256e+00
3.3333333333333329e+01
